0 0.367879
0.036 0.367879
0.072 0.369651
0.108 0.373191
0.144 0.378497
0.18 0.385565
0.216 0.394391
0.252 0.404971
0.288 0.417299
0.324 0.43137
0.36 0.447178
0.396 0.464718
0.432 0.483983
0.468 0.504966
0.504 0.52766
0.54 0.552058
0.576 0.578151
0.612 0.605932
0.648 0.635392
0.684 0.666523
0.72 0.699317
0.756 0.733763
0.792 0.769854
0.828 0.807578
0.864 0.846928
0.9 0.887891
0.936 0.930459
0.972 0.974619
1.008 1.02036
1.044 1.06768
1.08 1.11655
1.116 1.16696
1.152 1.21891
1.188 1.27237
1.224 1.32734
1.26 1.38378
1.296 1.44169
1.332 1.50105
1.368 1.56183
1.404 1.624
1.44 1.68755
1.476 1.75244
1.512 1.81863
1.548 1.8861
1.584 1.95481
1.62 2.0247
1.656 2.09573
1.692 2.16785
1.728 2.241
1.764 2.31511
1.8 2.39012
1.836 2.46595
1.872 2.54252
1.908 2.61973
1.944 2.69749
1.98 2.77569
2.016 2.85422
2.052 2.93297
2.088 3.01179
2.124 3.09057
2.16 3.16914
2.196 3.24736
2.232 3.32506
2.268 3.40209
2.304 3.47827
2.34 3.55341
2.376 3.62732
2.412 3.69983
2.448 3.77072
2.484 3.83981
2.52 3.90688
2.556 3.97174
2.592 4.03419
2.628 4.09401
2.664 4.15102
2.7 4.20501
2.736 4.2558
2.772 4.30319
2.808 4.34703
2.844 4.38713
2.88 4.42335
2.916 4.45554
2.952 4.48357
2.988 4.50733
3.024 4.52671
3.06 4.54163
3.096 4.55203
3.132 4.55786
3.168 4.55909
3.204 4.55571
3.24 4.54772
3.276 4.53516
3.312 4.51806
3.348 4.49649
3.384 4.47054
3.42 4.4403
3.456 4.40588
3.492 4.36741
3.528 4.32505
3.564 4.27894
3.6 4.22925
3.636 4.17616
3.672 4.11986
3.708 4.06054
3.744 3.9984
3.78 3.93364
3.816 3.86648
3.852 3.79712
3.888 3.72578
3.924 3.65265
3.96 3.57794
3.996 3.50187
4.032 3.42462
4.068 3.34639
4.104 3.26737
4.14 3.18773
4.176 3.10766
4.212 3.02731
4.248 2.94684
4.284 2.8664
4.32 2.78614
4.356 2.70618
4.392 2.62665
4.428 2.54767
4.464 2.46933
4.5 2.39174
4.536 2.31499
4.572 2.23916
4.608 2.16433
4.644 2.09057
4.68 2.01794
4.716 1.9465
4.752 1.8763
4.788 1.80738
4.824 1.73979
4.86 1.67356
4.896 1.60873
4.932 1.54533
4.968 1.48338
5.004 1.4229
5.04 1.36393
5.076 1.30647
5.112 1.25055
5.148 1.19617
5.184 1.14336
5.22 1.09212
5.256 1.04247
5.292 0.994414
5.328 0.947965
5.364 0.903131
5.4 0.85992
5.436 0.818341
5.472 0.7784
5.508 0.740105
5.544 0.703462
5.58 0.668478
5.616 0.635159
5.652 0.603511
5.688 0.573539
5.724 0.54525
5.76 0.518648
5.796 0.493738
5.832 0.470525
5.868 0.449012
5.904 0.429205
5.94 0.411106
5.976 0.394719
6.012 0.380046
6.048 0.36709
6.084 0.355853
6.12 0.346336
6.156 0.338539
6.192 0.332464
6.228 0.328109
6.264 0.325475
6.3 0.32456
6.336 0.325362
6.372 0.327878
6.408 0.332105
6.444 0.33804
6.48 0.345679
6.516 0.355016
6.552 0.366047
6.588 0.378764
6.624 0.393163
6.66 0.409235
6.696 0.426973
6.732 0.446369
6.768 0.467415
6.804 0.490101
6.84 0.514419
6.876 0.540357
6.912 0.567907
6.948 0.597057
6.984 0.627796
7.02 0.660112
7.056 0.693995
7.092 0.729432
7.128 0.76641
7.164 0.804917
7.2 0.844939
7.236 0.886463
7.272 0.929474
7.308 0.973957
7.344 1.0199
7.38 1.06728
7.416 1.11609
7.452 1.1663
7.488 1.2179
7.524 1.27087
7.56 1.32519
7.596 1.38083
7.632 1.43778
7.668 1.496
7.704 1.55547
7.74 1.61616
7.776 1.67803
7.812 1.74105
7.848 1.80518
7.884 1.87038
7.92 1.93661
7.956 2.0038
7.992 2.07192
8.028 2.14089
8.064 2.21066
8.1 2.28116
8.136 2.3523
8.172 2.42402
8.208 2.49621
8.244 2.5688
8.28 2.64167
8.316 2.71472
8.352 2.78784
8.388 2.86091
8.424 2.93379
8.46 3.00635
8.496 3.07845
8.532 3.14994
8.568 3.22067
8.604 3.29048
8.64 3.3592
8.676 3.42665
8.712 3.49268
8.748 3.55709
8.784 3.61971
8.82 3.68036
8.856 3.73886
8.892 3.79502
8.928 3.84866
8.964 3.89961
9 3.94769
9.036 3.99274
9.072 4.0346
9.108 4.07311
9.144 4.10813
9.18 4.13953
9.216 4.16718
9.252 4.19097
9.288 4.21082
9.324 4.22662
9.36 4.23833
9.396 4.24588
9.432 4.24924
9.468 4.2484
9.504 4.24334
9.54 4.23409
9.576 4.22068
9.612 4.20315
9.648 4.18157
9.684 4.15602
9.72 4.12659
9.756 4.09338
9.792 4.05653
9.828 4.01617
9.864 3.97243
9.9 3.92547
9.936 3.87546
9.972 3.82256
10.008 3.76696
10.044 3.70882
10.08 3.64834
10.116 3.58571
10.152 3.5211
10.188 3.45471
10.224 3.38672
10.26 3.31732
10.296 3.24668
10.332 3.17499
10.368 3.10241
10.404 3.02912
10.44 2.95527
10.476 2.88101
10.512 2.8065
10.548 2.73187
10.584 2.65725
10.62 2.58278
10.656 2.50856
10.692 2.43472
10.728 2.36135
10.764 2.28854
10.8 2.2164
10.836 2.14499
10.872 2.0744
10.908 2.00469
10.944 1.93594
10.98 1.86819
11.016 1.8015
11.052 1.73593
11.088 1.67151
11.124 1.60828
11.16 1.54629
11.196 1.48556
11.232 1.42613
11.268 1.36802
11.304 1.31125
11.34 1.25586
11.376 1.20187
11.412 1.14928
11.448 1.09812
11.484 1.04842
11.52 1.00017
11.556 0.953398
11.592 0.908117
11.628 0.86434
11.664 0.822078
11.7 0.781342
11.736 0.742144
11.772 0.704495
11.808 0.668404
11.844 0.633882
11.88 0.600937
11.916 0.569579
11.952 0.539816
11.988 0.511656
12.024 0.485108
12.06 0.460178
12.096 0.436874
12.132 0.415203
12.168 0.395169
12.204 0.376779
12.24 0.360038
12.276 0.344949
12.312 0.331518
12.348 0.319748
12.384 0.30964
12.42 0.301198
12.456 0.294422
12.492 0.289314
12.528 0.285872
12.564 0.284097
12.6 0.283988
12.636 0.285541
12.672 0.288755
12.708 0.293625
12.744 0.300148
12.78 0.308319
12.816 0.318131
12.852 0.329578
12.888 0.342653
12.924 0.357349
12.96 0.373657
12.996 0.391568
13.032 0.411072
13.068 0.432159
13.104 0.454818
13.14 0.479038
13.176 0.504806
13.212 0.532111
13.248 0.560938
13.284 0.591275
13.32 0.623108
13.356 0.656421
13.392 0.691201
13.428 0.727431
13.464 0.765096
13.5 0.80418
13.536 0.844664
13.572 0.886533
13.608 0.929767
13.644 0.974349
13.68 1.02026
13.716 1.06747
13.752 1.11598
13.788 1.16574
13.824 1.21675
13.86 1.26897
13.896 1.32239
13.932 1.37697
13.968 1.43268
14.004 1.48949
14.04 1.54738
14.076 1.6063
14.112 1.66621
14.148 1.72708
14.184 1.78886
14.22 1.85151
14.256 1.91496
14.292 1.97918
14.328 2.04409
14.364 2.10964
14.4 2.17575
14.436 2.24236
14.472 2.30937
14.508 2.37672
14.544 2.44431
14.58 2.51204
14.616 2.57981
14.652 2.64752
14.688 2.71505
14.724 2.78227
14.76 2.84908
14.796 2.91533
14.832 2.98089
14.868 3.04562
14.904 3.10937
14.94 3.17199
14.976 3.23332
15.012 3.29322
15.048 3.35152
15.084 3.40805
15.12 3.46266
15.156 3.51519
15.192 3.56547
15.228 3.61335
15.264 3.65867
15.3 3.70128
15.336 3.74103
15.372 3.77779
15.408 3.81142
15.444 3.84181
15.48 3.86882
15.516 3.89237
15.552 3.91237
15.588 3.92872
15.624 3.94137
15.66 3.95026
15.696 3.95535
15.732 3.95663
15.768 3.95407
15.804 3.94768
15.84 3.93749
15.876 3.92353
15.912 3.90584
15.948 3.88449
15.984 3.85956
16.02 3.83113
16.056 3.79931
16.092 3.7642
16.128 3.72594
16.164 3.68464
16.2 3.64046
16.236 3.59354
16.272 3.54402
16.308 3.49208
16.344 3.43787
16.38 3.38156
16.416 3.32331
16.452 3.26328
16.488 3.20166
16.524 3.13859
16.56 3.07426
16.596 3.0088
16.632 2.94239
16.668 2.87517
16.704 2.80729
16.74 2.73889
16.776 2.67011
16.812 2.60108
16.848 2.53192
16.884 2.46276
16.92 2.3937
16.956 2.32485
16.992 2.25631
17.028 2.18816
17.064 2.12051
17.1 2.05342
17.136 1.98697
17.172 1.92124
17.208 1.85628
17.244 1.79216
17.28 1.72893
17.316 1.66665
17.352 1.60535
17.388 1.54508
17.424 1.48589
17.46 1.42781
17.496 1.37087
17.532 1.3151
17.568 1.26053
17.604 1.2072
17.64 1.15511
17.676 1.10431
17.712 1.05481
17.748 1.00663
17.784 0.959786
17.82 0.914303
17.856 0.870197
17.892 0.827483
17.928 0.786178
17.964 0.746297
