0 0.367879
0.36 0.367879
0.72 0.533223
1.08 0.838261
1.44 1.25406
1.8 1.74822
2.16 2.28147
2.52 2.79798
2.88 3.21412
3.24 3.42343
3.6 3.33755
3.96 2.94871
4.32 2.35334
4.68 1.69772
5.04 1.09852
5.4 0.614403
5.76 0.26691
6.12 0.0630909
6.48 0.00169159
6.84 0.0708484
7.2 0.245843
7.56 0.489903
7.92 0.758542
8.28 1.00733
8.64 1.20208
9 1.32789
9.36 1.38972
9.72 1.39885
10.08 1.35254
10.44 1.22978
10.8 1.01496
11.16 0.725167
11.52 0.409496
11.88 0.125855
12.24 -0.079339
12.6 -0.179508
12.96 -0.169583
13.32 -0.0654825
13.68 0.098023
14.04 0.272276
14.4 0.404593
14.76 0.454922
15.12 0.417373
15.48 0.334565
15.84 0.282532
16.2 0.316124
16.56 0.412257
16.92 0.478962
17.28 0.435867
17.64 0.278508
