0 0.367879
0.45 0.367879
0.9 0.616135
1.35 1.05244
1.8 1.6107
2.25 2.21699
2.7 2.77328
3.15 3.13277
3.6 3.1247
4.05 2.68104
4.5 1.94794
4.95 1.18379
5.4 0.563105
5.85 0.146578
6.3 -0.0525561
6.75 -0.0453885
7.2 0.126271
7.65 0.388642
8.1 0.649171
8.55 0.826207
9 0.890107
9.45 0.886208
9.9 0.887496
10.35 0.887845
10.8 0.784978
11.25 0.524253
11.7 0.18632
12.15 -0.099624
12.6 -0.247943
13.05 -0.236572
13.5 -0.100825
13.95 0.0778914
14.4 0.194602
14.85 0.166263
15.3 0.000229597
15.75 -0.163611
16.2 -0.141622
16.65 0.0758561
17.1 0.262298
17.55 0.224884
