0 0.367879
0.06 0.367879
0.12 0.372794
0.18 0.382603
0.24 0.397281
0.3 0.416801
0.36 0.44113
0.42 0.470236
0.48 0.50408
0.54 0.542622
0.6 0.585819
0.66 0.633627
0.72 0.685998
0.78 0.742882
0.84 0.804227
0.9 0.869981
0.96 0.940085
1.02 1.01448
1.08 1.09311
1.14 1.17589
1.2 1.26276
1.26 1.35365
1.32 1.44844
1.38 1.54706
1.44 1.64937
1.5 1.75524
1.56 1.86453
1.62 1.97704
1.68 2.09257
1.74 2.21088
1.8 2.33167
1.86 2.45464
1.92 2.5794
1.98 2.70554
2.04 2.83256
2.1 2.95995
2.16 3.08711
2.22 3.21338
2.28 3.33807
2.34 3.46041
2.4 3.57959
2.46 3.69478
2.52 3.8051
2.58 3.90964
2.64 4.00752
2.7 4.09784
2.76 4.17973
2.82 4.25239
2.88 4.31504
2.94 4.36701
3 4.4077
3.06 4.43664
3.12 4.45346
3.18 4.45794
3.24 4.44997
3.3 4.4296
3.36 4.39702
3.42 4.35255
3.48 4.29664
3.54 4.22984
3.6 4.15284
3.66 4.06638
3.72 3.97131
3.78 3.86851
3.84 3.75891
3.9 3.64344
3.96 3.52304
4.02 3.39866
4.08 3.27118
4.14 3.14147
4.2 3.01034
4.26 2.87856
4.32 2.74681
4.38 2.61572
4.44 2.48588
4.5 2.35777
4.56 2.23185
4.62 2.10849
4.68 1.98803
4.74 1.87075
4.8 1.7569
4.86 1.64666
4.92 1.5402
4.98 1.43767
5.04 1.33918
5.1 1.24482
5.16 1.15468
5.22 1.06881
5.28 0.987283
5.34 0.910137
5.4 0.837416
5.46 0.769161
5.52 0.705404
5.58 0.646178
5.64 0.591512
5.7 0.541432
5.76 0.495962
5.82 0.455126
5.88 0.418941
5.94 0.387426
6 0.360592
6.06 0.338449
6.12 0.321004
6.18 0.308256
6.24 0.300204
6.3 0.296839
6.36 0.298147
6.42 0.30411
6.48 0.314706
6.54 0.329904
6.6 0.349672
6.66 0.373971
6.72 0.402756
6.78 0.435979
6.84 0.473587
6.9 0.515524
6.96 0.561726
7.02 0.612131
7.08 0.666668
7.14 0.725266
7.2 0.787848
7.26 0.854335
7.32 0.924643
7.38 0.998685
7.44 1.07637
7.5 1.15759
7.56 1.24225
7.62 1.33023
7.68 1.4214
7.74 1.51562
7.8 1.61275
7.86 1.71261
7.92 1.815
7.98 1.91971
8.04 2.0265
8.1 2.13509
8.16 2.24516
8.22 2.35638
8.28 2.46834
8.34 2.58063
8.4 2.69275
8.46 2.8042
8.52 2.9144
8.58 3.02275
8.64 3.12859
8.7 3.23124
8.76 3.32999
8.82 3.42411
8.88 3.51286
8.94 3.5955
9 3.67129
9.06 3.73954
9.12 3.79959
9.18 3.85082
9.24 3.89271
9.3 3.92479
9.36 3.94668
9.42 3.95814
9.48 3.95899
9.54 3.94918
9.6 3.92879
9.66 3.898
9.72 3.85709
9.78 3.80646
9.84 3.74659
9.9 3.67806
9.96 3.60149
10.02 3.5176
10.08 3.42712
10.14 3.33082
10.2 3.22946
10.26 3.12384
10.32 3.01473
10.38 2.90285
10.44 2.78894
10.5 2.67366
10.56 2.55764
10.62 2.44146
10.68 2.32566
10.74 2.21071
10.8 2.09705
10.86 1.98506
10.92 1.87509
10.98 1.76742
11.04 1.66232
11.1 1.56002
11.16 1.46071
11.22 1.36456
11.28 1.27172
11.34 1.18232
11.4 1.09648
11.46 1.01429
11.52 0.935855
11.58 0.861244
11.64 0.790537
11.7 0.723802
11.76 0.661103
11.82 0.602499
11.88 0.548045
11.94 0.497793
12 0.451789
12.06 0.410077
12.12 0.372695
12.18 0.339677
12.24 0.311054
12.3 0.28685
12.36 0.267082
12.42 0.251765
12.48 0.240904
12.54 0.234501
12.6 0.232549
12.66 0.235034
12.72 0.241937
12.78 0.253232
12.84 0.268885
12.9 0.288855
12.96 0.313095
13.02 0.341553
13.08 0.374168
13.14 0.410876
13.2 0.451603
13.26 0.496275
13.32 0.544808
13.38 0.597116
13.44 0.653107
13.5 0.712684
13.56 0.775746
13.62 0.842186
13.68 0.911895
13.74 0.984755
13.8 1.06064
13.86 1.13943
13.92 1.22098
13.98 1.30514
14.04 1.39176
14.1 1.48066
14.16 1.57167
14.22 1.66458
14.28 1.75916
14.34 1.85518
14.4 1.95237
14.46 2.05044
14.52 2.14906
14.58 2.24787
14.64 2.34651
14.7 2.44453
14.76 2.54151
14.82 2.63693
14.88 2.73031
14.94 2.82108
15 2.90868
15.06 2.99252
15.12 3.07202
15.18 3.14657
15.24 3.21557
15.3 3.27844
15.36 3.33463
15.42 3.38362
15.48 3.42494
15.54 3.45817
15.6 3.48297
15.66 3.49906
15.72 3.50625
15.78 3.50444
15.84 3.49361
15.9 3.47385
15.96 3.44531
16.02 3.40825
16.08 3.363
16.14 3.30997
16.2 3.24962
16.26 3.1825
16.32 3.10915
16.38 3.03018
16.44 2.94622
16.5 2.8579
16.56 2.76585
16.62 2.67068
16.68 2.57301
16.74 2.47342
16.8 2.37246
16.86 2.27065
16.92 2.16848
16.98 2.06638
17.04 1.96476
17.1 1.86401
17.16 1.76445
17.22 1.66639
17.28 1.57009
17.34 1.47581
17.4 1.38377
17.46 1.29415
17.52 1.20713
17.58 1.12288
17.64 1.04154
17.7 0.963245
17.76 0.888114
17.82 0.816261
17.88 0.747791
17.94 0.682804
