0 0.367879
0.18 0.367879
0.36 0.411439
0.54 0.496873
0.72 0.622232
0.9 0.785315
1.08 0.98369
1.26 1.21468
1.44 1.47525
1.62 1.76181
1.8 2.06971
1.98 2.39268
2.16 2.7221
2.34 3.04631
2.52 3.35031
2.7 3.61628
2.88 3.82492
3.06 3.95801
3.24 4.00145
3.42 3.94829
3.6 3.80054
3.78 3.56924
3.96 3.27252
4.14 2.93228
4.32 2.57056
4.5 2.20662
4.68 1.85545
4.86 1.52747
5.04 1.22933
5.22 0.964977
5.4 0.736719
5.58 0.545959
5.76 0.393625
5.94 0.280319
6.12 0.206304
6.3 0.171417
6.48 0.174962
6.66 0.215639
6.84 0.291507
7.02 0.399995
7.2 0.537949
7.38 0.70171
7.56 0.887194
7.74 1.08996
7.92 1.30522
8.1 1.52779
8.28 1.752
8.46 1.97144
8.64 2.17883
8.82 2.36598
9 2.52393
9.18 2.64357
9.36 2.71657
9.54 2.73659
9.72 2.70052
9.9 2.6092
10.08 2.46754
10.26 2.28387
10.44 2.06862
10.62 1.83293
10.8 1.58742
10.98 1.34144
11.16 1.10282
11.34 0.87792
11.52 0.671967
11.7 0.489251
11.88 0.333325
12.06 0.207061
12.24 0.112639
12.42 0.0514752
12.6 0.0241519
12.78 0.0303468
12.96 0.0687988
13.14 0.137306
13.32 0.232767
13.5 0.351255
13.68 0.488149
13.86 0.638287
14.04 0.796168
14.22 0.956182
14.4 1.11286
14.58 1.26114
14.76 1.39656
14.94 1.51545
15.12 1.615
15.3 1.69316
15.48 1.74853
15.66 1.78003
15.84 1.78677
16.02 1.76792
16.2 1.72281
16.38 1.65126
16.56 1.55391
16.74 1.4326
16.92 1.29053
17.1 1.1322
17.28 0.963149
17.46 0.789559
17.64 0.617853
17.82 0.454305
