0 0.367879
0.018 0.367879
0.036 0.368323
0.054 0.369209
0.072 0.370537
0.09 0.372309
0.108 0.374522
0.126 0.377178
0.144 0.380275
0.162 0.383814
0.18 0.387793
0.198 0.392213
0.216 0.397074
0.234 0.402374
0.252 0.408113
0.27 0.414291
0.288 0.420907
0.306 0.427961
0.324 0.435453
0.342 0.44338
0.36 0.451744
0.378 0.460543
0.396 0.469776
0.414 0.479444
0.432 0.489545
0.45 0.500078
0.468 0.511044
0.486 0.52244
0.504 0.534267
0.522 0.546523
0.54 0.559208
0.558 0.57232
0.576 0.58586
0.594 0.599826
0.612 0.614218
0.63 0.629034
0.648 0.644273
0.666 0.659935
0.684 0.676019
0.702 0.692524
0.72 0.709448
0.738 0.726792
0.756 0.744553
0.774 0.762732
0.792 0.781326
0.81 0.800335
0.828 0.819759
0.846 0.839595
0.864 0.859843
0.882 0.880501
0.9 0.901569
0.918 0.923046
0.936 0.94493
0.954 0.96722
0.972 0.989915
0.99 1.01301
1.008 1.03652
1.026 1.06042
1.044 1.08472
1.062 1.10942
1.08 1.13452
1.098 1.16001
1.116 1.1859
1.134 1.21218
1.152 1.23885
1.17 1.26591
1.188 1.29335
1.206 1.32119
1.224 1.3494
1.242 1.378
1.26 1.40698
1.278 1.43633
1.296 1.46606
1.314 1.49616
1.332 1.52663
1.35 1.55746
1.368 1.58866
1.386 1.62022
1.404 1.65214
1.422 1.68441
1.44 1.71704
1.458 1.75001
1.476 1.78332
1.494 1.81697
1.512 1.85096
1.53 1.88528
1.548 1.91992
1.566 1.95488
1.584 1.99015
1.602 2.02573
1.62 2.06161
1.638 2.09779
1.656 2.13426
1.674 2.17101
1.692 2.20804
1.71 2.24533
1.728 2.28289
1.746 2.32069
1.764 2.35873
1.782 2.39701
1.8 2.4355
1.818 2.47421
1.836 2.51312
1.854 2.55223
1.872 2.59151
1.89 2.63095
1.908 2.67056
1.926 2.7103
1.944 2.75017
1.962 2.79015
1.98 2.83024
1.998 2.87041
2.016 2.91064
2.034 2.95093
2.052 2.99126
2.07 3.0316
2.088 3.07194
2.106 3.11227
2.124 3.15256
2.142 3.19279
2.16 3.23295
2.178 3.27302
2.196 3.31297
2.214 3.35278
2.232 3.39243
2.25 3.4319
2.268 3.47117
2.286 3.51021
2.304 3.549
2.322 3.58752
2.34 3.62573
2.358 3.66363
2.376 3.70117
2.394 3.73835
2.412 3.77512
2.43 3.81147
2.448 3.84737
2.466 3.8828
2.484 3.91772
2.502 3.95211
2.52 3.98595
2.538 4.01921
2.556 4.05187
2.574 4.08388
2.592 4.11524
2.61 4.14592
2.628 4.17588
2.646 4.20511
2.664 4.23357
2.682 4.26125
2.7 4.28812
2.718 4.31415
2.736 4.33933
2.754 4.36362
2.772 4.38701
2.79 4.40947
2.808 4.43099
2.826 4.45153
2.844 4.47109
2.862 4.48965
2.88 4.50717
2.898 4.52366
2.916 4.53908
2.934 4.55343
2.952 4.5667
2.97 4.57886
2.988 4.5899
3.006 4.59982
3.024 4.6086
3.042 4.61624
3.06 4.62272
3.078 4.62804
3.096 4.63219
3.114 4.63517
3.132 4.63698
3.15 4.6376
3.168 4.63705
3.186 4.63532
3.204 4.63242
3.222 4.62834
3.24 4.62309
3.258 4.61667
3.276 4.6091
3.294 4.60037
3.312 4.5905
3.33 4.5795
3.348 4.56737
3.366 4.55413
3.384 4.53979
3.402 4.52437
3.42 4.50788
3.438 4.49034
3.456 4.47176
3.474 4.45216
3.492 4.43156
3.51 4.40998
3.528 4.38744
3.546 4.36396
3.564 4.33957
3.582 4.31428
3.6 4.28811
3.618 4.2611
3.636 4.23326
3.654 4.20462
3.672 4.17521
3.69 4.14504
3.708 4.11415
3.726 4.08257
3.744 4.05031
3.762 4.0174
3.78 3.98387
3.798 3.94975
3.816 3.91507
3.834 3.87984
3.852 3.8441
3.87 3.80788
3.888 3.77119
3.906 3.73407
3.924 3.69655
3.942 3.65864
3.96 3.62037
3.978 3.58178
3.996 3.54288
4.014 3.5037
4.032 3.46426
4.05 3.42459
4.068 3.38471
4.086 3.34465
4.104 3.30442
4.122 3.26406
4.14 3.22358
4.158 3.183
4.176 3.14234
4.194 3.10163
4.212 3.06088
4.23 3.02012
4.248 2.97935
4.266 2.93861
4.284 2.89791
4.302 2.85726
4.32 2.81669
4.338 2.7762
4.356 2.73582
4.374 2.69555
4.392 2.65542
4.41 2.61544
4.428 2.57561
4.446 2.53596
4.464 2.49649
4.482 2.45723
4.5 2.41817
4.518 2.37933
4.536 2.34072
4.554 2.30235
4.572 2.26423
4.59 2.22637
4.608 2.18877
4.626 2.15145
4.644 2.11442
4.662 2.07768
4.68 2.04123
4.698 2.00509
4.716 1.96926
4.734 1.93375
4.752 1.89856
4.77 1.8637
4.788 1.82918
4.806 1.79499
4.824 1.76115
4.842 1.72765
4.86 1.69451
4.878 1.66172
4.896 1.62929
4.914 1.59723
4.932 1.56553
4.95 1.5342
4.968 1.50324
4.986 1.47266
5.004 1.44245
5.022 1.41263
5.04 1.38319
5.058 1.35413
5.076 1.32546
5.094 1.29718
5.112 1.26929
5.13 1.24179
5.148 1.21468
5.166 1.18797
5.184 1.16166
5.202 1.13575
5.22 1.11024
5.238 1.08513
5.256 1.06042
5.274 1.03612
5.292 1.01222
5.31 0.988724
5.328 0.965639
5.346 0.942962
5.364 0.920695
5.382 0.898838
5.4 0.877393
5.418 0.85636
5.436 0.835741
5.454 0.815536
5.472 0.795746
5.49 0.776372
5.508 0.757415
5.526 0.738875
5.544 0.720754
5.562 0.703053
5.58 0.685771
5.598 0.66891
5.616 0.652471
5.634 0.636454
5.652 0.62086
5.67 0.60569
5.688 0.590945
5.706 0.576625
5.724 0.56273
5.742 0.549262
5.76 0.536221
5.778 0.523608
5.796 0.511424
5.814 0.499668
5.832 0.488342
5.85 0.477446
5.868 0.466981
5.886 0.456946
5.904 0.447344
5.922 0.438174
5.94 0.429436
5.958 0.421131
5.976 0.41326
5.994 0.405823
6.012 0.39882
6.03 0.392251
6.048 0.386118
6.066 0.380419
6.084 0.375156
6.102 0.370329
6.12 0.365937
6.138 0.361982
6.156 0.358462
6.174 0.355379
6.192 0.352732
6.21 0.350522
6.228 0.348748
6.246 0.34741
6.264 0.346509
6.282 0.346044
6.3 0.346015
6.318 0.346423
6.336 0.347266
6.354 0.348545
6.372 0.350259
6.39 0.352409
6.408 0.354993
6.426 0.358012
6.444 0.361465
6.462 0.365352
6.48 0.369672
6.498 0.374425
6.516 0.37961
6.534 0.385228
6.552 0.391276
6.57 0.397756
6.588 0.404666
6.606 0.412005
6.624 0.419773
6.642 0.427969
6.66 0.436592
6.678 0.445643
6.696 0.455119
6.714 0.46502
6.732 0.475346
6.75 0.486095
6.768 0.497267
6.786 0.50886
6.804 0.520875
6.822 0.533309
6.84 0.546162
6.858 0.559434
6.876 0.573122
6.894 0.587226
6.912 0.601745
6.93 0.616679
6.948 0.632025
6.966 0.647782
6.984 0.663951
7.002 0.680529
7.02 0.697516
7.038 0.714909
7.056 0.732709
7.074 0.750914
7.092 0.769523
7.11 0.788534
7.128 0.807947
7.146 0.827759
7.164 0.84797
7.182 0.868579
7.2 0.889584
7.218 0.910983
7.236 0.932776
7.254 0.954961
7.272 0.977537
7.29 1.0005
7.308 1.02385
7.326 1.04759
7.344 1.07171
7.362 1.09622
7.38 1.1211
7.398 1.14637
7.416 1.17201
7.434 1.19803
7.452 1.22442
7.47 1.25119
7.488 1.27832
7.506 1.30582
7.524 1.33369
7.542 1.36192
7.56 1.3905
7.578 1.41945
7.596 1.44875
7.614 1.47841
7.632 1.50841
7.65 1.53876
7.668 1.56946
7.686 1.60049
7.704 1.63186
7.722 1.66357
7.74 1.6956
7.758 1.72796
7.776 1.76063
7.794 1.79363
7.812 1.82693
7.83 1.86054
7.848 1.89445
7.866 1.92866
7.884 1.96316
7.902 1.99794
7.92 2.033
7.938 2.06833
7.956 2.10392
7.974 2.13977
7.992 2.17587
8.01 2.21221
8.028 2.24878
8.046 2.28558
8.064 2.32259
8.082 2.35981
8.1 2.39722
8.118 2.43482
8.136 2.47259
8.154 2.51053
8.172 2.54862
8.19 2.58685
8.208 2.62521
8.226 2.66368
8.244 2.70225
8.262 2.7409
8.28 2.77963
8.298 2.81842
8.316 2.85725
8.334 2.89611
8.352 2.93497
8.37 2.97383
8.388 3.01267
8.406 3.05146
8.424 3.09019
8.442 3.12884
8.46 3.16739
8.478 3.20582
8.496 3.24412
8.514 3.28225
8.532 3.32021
8.55 3.35796
8.568 3.39549
8.586 3.43277
8.604 3.46978
8.622 3.5065
8.64 3.54291
8.658 3.57897
8.676 3.61467
8.694 3.64999
8.712 3.6849
8.73 3.71936
8.748 3.75337
8.766 3.7869
8.784 3.81991
8.802 3.85239
8.82 3.88431
8.838 3.91564
8.856 3.94637
8.874 3.97646
8.892 4.00589
8.91 4.03464
8.928 4.06268
8.946 4.08999
8.964 4.11655
8.982 4.14233
9 4.16731
9.018 4.19146
9.036 4.21477
9.054 4.23721
9.072 4.25877
9.09 4.27942
9.108 4.29914
9.126 4.31792
9.144 4.33574
9.162 4.35257
9.18 4.36841
9.198 4.38323
9.216 4.39703
9.234 4.40978
9.252 4.42148
9.27 4.43211
9.288 4.44167
9.306 4.45014
9.324 4.45751
9.342 4.46379
9.36 4.46895
9.378 4.47299
9.396 4.47591
9.414 4.47771
9.432 4.47839
9.45 4.47794
9.468 4.47636
9.486 4.47365
9.504 4.46983
9.522 4.46488
9.54 4.45882
9.558 4.45165
9.576 4.44337
9.594 4.434
9.612 4.42355
9.63 4.41202
9.648 4.39943
9.666 4.38578
9.684 4.3711
9.702 4.35539
9.72 4.33867
9.738 4.32096
9.756 4.30227
9.774 4.28263
9.792 4.26204
9.81 4.24052
9.828 4.21811
9.846 4.19482
9.864 4.17066
9.882 4.14566
9.9 4.11985
9.918 4.09324
9.936 4.06587
9.954 4.03774
9.972 4.00889
9.99 3.97935
10.008 3.94912
10.026 3.91825
10.044 3.88675
10.062 3.85465
10.08 3.82198
10.098 3.78876
10.116 3.75501
10.134 3.72076
10.152 3.68604
10.17 3.65087
10.188 3.61528
10.206 3.57929
10.224 3.54292
10.242 3.5062
10.26 3.46916
10.278 3.43182
10.296 3.3942
10.314 3.35632
10.332 3.31821
10.35 3.27989
10.368 3.24138
10.386 3.20271
10.404 3.16389
10.422 3.12495
10.44 3.08591
10.458 3.04679
10.476 3.0076
10.494 2.96836
10.512 2.9291
10.53 2.88983
10.548 2.85057
10.566 2.81134
10.584 2.77215
10.602 2.73301
10.62 2.69396
10.638 2.65499
10.656 2.61612
10.674 2.57737
10.692 2.53876
10.71 2.50028
10.728 2.46197
10.746 2.42382
10.764 2.38585
10.782 2.34807
10.8 2.31049
10.818 2.27313
10.836 2.23599
10.854 2.19907
10.872 2.1624
10.89 2.12598
10.908 2.08981
10.926 2.0539
10.944 2.01827
10.962 1.98292
10.98 1.94785
10.998 1.91307
11.016 1.87859
11.034 1.84442
11.052 1.81055
11.07 1.777
11.088 1.74377
11.106 1.71086
11.124 1.67828
11.142 1.64603
11.16 1.61412
11.178 1.58256
11.196 1.55133
11.214 1.52045
11.232 1.48993
11.25 1.45976
11.268 1.42994
11.286 1.40049
11.304 1.3714
11.322 1.34267
11.34 1.31431
11.358 1.28632
11.376 1.25871
11.394 1.23146
11.412 1.2046
11.43 1.17811
11.448 1.152
11.466 1.12627
11.484 1.10093
11.502 1.07597
11.52 1.0514
11.538 1.02722
11.556 1.00342
11.574 0.980019
11.592 0.957008
11.61 0.934391
11.628 0.91217
11.646 0.890344
11.664 0.868916
11.682 0.847886
11.7 0.827257
11.718 0.807028
11.736 0.787202
11.754 0.767778
11.772 0.748759
11.79 0.730145
11.808 0.711938
11.826 0.694138
11.844 0.676746
11.862 0.659763
11.88 0.643191
11.898 0.62703
11.916 0.611281
11.934 0.595945
11.952 0.581023
11.97 0.566516
11.988 0.552424
12.006 0.538749
12.024 0.525491
12.042 0.512651
12.06 0.500229
12.078 0.488228
12.096 0.476646
12.114 0.465486
12.132 0.454747
12.15 0.444431
12.168 0.434537
12.186 0.425068
12.204 0.416022
12.222 0.407401
12.24 0.399205
12.258 0.391435
12.276 0.384091
12.294 0.377174
12.312 0.370684
12.33 0.364621
12.348 0.358986
12.366 0.353779
12.384 0.349001
12.402 0.344651
12.42 0.34073
12.438 0.337239
12.456 0.334176
12.474 0.331543
12.492 0.329339
12.51 0.327565
12.528 0.32622
12.546 0.325305
12.564 0.324819
12.582 0.324763
12.6 0.325136
12.618 0.325937
12.636 0.327168
12.654 0.328827
12.672 0.330914
12.69 0.333429
12.708 0.336372
12.726 0.339742
12.744 0.343539
12.762 0.347762
12.78 0.352411
12.798 0.357485
12.816 0.362984
12.834 0.368907
12.852 0.375254
12.87 0.382023
12.888 0.389215
12.906 0.396828
12.924 0.404861
12.942 0.413314
12.96 0.422187
12.978 0.431477
12.996 0.441185
13.014 0.451309
13.032 0.461848
13.05 0.472802
13.068 0.48417
13.086 0.495949
13.104 0.50814
13.122 0.520742
13.14 0.533752
13.158 0.547171
13.176 0.560997
13.194 0.575228
13.212 0.589864
13.23 0.604903
13.248 0.620344
13.266 0.636187
13.284 0.652428
13.302 0.669069
13.32 0.686106
13.338 0.703538
13.356 0.721365
13.374 0.739585
13.392 0.758197
13.41 0.777198
13.428 0.796588
13.446 0.816366
13.464 0.836528
13.482 0.857075
13.5 0.878005
13.518 0.899315
13.536 0.921005
13.554 0.943073
13.572 0.965516
13.59 0.988334
13.608 1.01152
13.626 1.03509
13.644 1.05902
13.662 1.08331
13.68 1.10797
13.698 1.133
13.716 1.15838
13.734 1.18413
13.752 1.21023
13.77 1.23669
13.788 1.26349
13.806 1.29065
13.824 1.31815
13.842 1.346
13.86 1.37419
13.878 1.40272
13.896 1.43159
13.914 1.46078
13.932 1.49031
13.95 1.52016
13.968 1.55034
13.986 1.58083
14.004 1.61165
14.022 1.64277
14.04 1.6742
14.058 1.70593
14.076 1.73796
14.094 1.77028
14.112 1.80289
14.13 1.83579
14.148 1.86896
14.166 1.9024
14.184 1.93611
14.202 1.97008
14.22 2.00431
14.238 2.03878
14.256 2.07348
14.274 2.10842
14.292 2.14359
14.31 2.17897
14.328 2.21456
14.346 2.25034
14.364 2.28632
14.382 2.32247
14.4 2.3588
14.418 2.39528
14.436 2.43192
14.454 2.46869
14.472 2.50558
14.49 2.54259
14.508 2.5797
14.526 2.6169
14.544 2.65417
14.562 2.69151
14.58 2.72889
14.598 2.7663
14.616 2.80373
14.634 2.84116
14.652 2.87858
14.67 2.91596
14.688 2.9533
14.706 2.99056
14.724 3.02775
14.742 3.06483
14.76 3.10179
14.778 3.13861
14.796 3.17527
14.814 3.21175
14.832 3.24803
14.85 3.28409
14.868 3.3199
14.886 3.35545
14.904 3.39072
14.922 3.42567
14.94 3.4603
14.958 3.49457
14.976 3.52847
14.994 3.56197
15.012 3.59505
15.03 3.62768
15.048 3.65984
15.066 3.69151
15.084 3.72267
15.102 3.75328
15.12 3.78333
15.138 3.8128
15.156 3.84165
15.174 3.86988
15.192 3.89744
15.21 3.92433
15.228 3.95052
15.246 3.97598
15.264 4.00069
15.282 4.02464
15.3 4.0478
15.318 4.07016
15.336 4.09168
15.354 4.11235
15.372 4.13216
15.39 4.15107
15.408 4.16909
15.426 4.18618
15.444 4.20234
15.462 4.21754
15.48 4.23177
15.498 4.24503
15.516 4.25728
15.534 4.26853
15.552 4.27876
15.57 4.28796
15.588 4.29613
15.606 4.30324
15.624 4.3093
15.642 4.3143
15.66 4.31824
15.678 4.3211
15.696 4.32289
15.714 4.32361
15.732 4.32325
15.75 4.32181
15.768 4.3193
15.786 4.31571
15.804 4.31105
15.822 4.30533
15.84 4.29855
15.858 4.29071
15.876 4.28183
15.894 4.2719
15.912 4.26095
15.93 4.24898
15.948 4.23601
15.966 4.22204
15.984 4.20709
16.002 4.19117
16.02 4.1743
16.038 4.15649
16.056 4.13776
16.074 4.11813
16.092 4.09761
16.11 4.07623
16.128 4.054
16.146 4.03095
16.164 4.00709
16.182 3.98244
16.2 3.95703
16.218 3.93087
16.236 3.904
16.254 3.87643
16.272 3.84818
16.29 3.81928
16.308 3.78976
16.326 3.75962
16.344 3.72891
16.362 3.69764
16.38 3.66584
16.398 3.63353
16.416 3.60073
16.434 3.56748
16.452 3.53378
16.47 3.49967
16.488 3.46517
16.506 3.4303
16.524 3.39509
16.542 3.35956
16.56 3.32372
16.578 3.28762
16.596 3.25126
16.614 3.21466
16.632 3.17786
16.65 3.14087
16.668 3.10371
16.686 3.0664
16.704 3.02896
16.722 2.99141
16.74 2.95377
16.758 2.91606
16.776 2.8783
16.794 2.8405
16.812 2.80268
16.83 2.76487
16.848 2.72706
16.866 2.68929
16.884 2.65156
16.902 2.61389
16.92 2.5763
16.938 2.5388
16.956 2.5014
16.974 2.46411
16.992 2.42695
17.01 2.38994
17.028 2.35307
17.046 2.31637
17.064 2.27984
17.082 2.24349
17.1 2.20734
17.118 2.17139
17.136 2.13565
17.154 2.10013
17.172 2.06485
17.19 2.0298
17.208 1.995
17.226 1.96045
17.244 1.92615
17.262 1.89213
17.28 1.85838
17.298 1.8249
17.316 1.79172
17.334 1.75882
17.352 1.72622
17.37 1.69391
17.388 1.66192
17.406 1.63023
17.424 1.59886
17.442 1.5678
17.46 1.53707
17.478 1.50667
17.496 1.47659
17.514 1.44685
17.532 1.41744
17.55 1.38838
17.568 1.35965
17.586 1.33127
17.604 1.30324
17.622 1.27557
17.64 1.24824
17.658 1.22127
17.676 1.19466
17.694 1.16841
17.712 1.14252
17.73 1.117
17.748 1.09184
17.766 1.06705
17.784 1.04263
17.802 1.01859
17.82 0.994914
17.838 0.971617
17.856 0.948697
17.874 0.926156
17.892 0.903995
17.91 0.882217
17.928 0.860821
17.946 0.839811
17.964 0.819186
17.982 0.798949
