0 0.367879
0.09 0.373419
0.18 0.390028
0.27 0.417681
0.36 0.456337
0.45 0.505941
0.54 0.566424
0.63 0.637709
0.72 0.719709
0.81 0.812329
0.9 0.915469
0.99 1.02902
1.08 1.15284
1.17 1.2868
1.26 1.4307
1.35 1.58431
1.44 1.7473
1.53 1.91925
1.62 2.0996
1.71 2.2876
1.8 2.48229
1.89 2.68244
1.98 2.88654
2.07 3.09274
2.16 3.29886
2.25 3.50236
2.34 3.7004
2.43 3.88988
2.52 4.06751
2.61 4.22989
2.7 4.37371
2.79 4.4958
2.88 4.59334
2.97 4.66397
3.06 4.70593
3.15 4.71815
3.24 4.70032
3.33 4.65291
3.42 4.5771
3.51 4.47478
3.6 4.3484
3.69 4.20087
3.78 4.03538
3.87 3.85528
3.96 3.66396
4.05 3.46466
4.14 3.26047
4.23 3.05416
4.32 2.84819
4.41 2.6447
4.5 2.44546
4.59 2.25193
4.68 2.0653
4.77 1.88647
4.86 1.71615
4.95 1.55489
5.04 1.40307
5.13 1.26101
5.22 1.12894
5.31 1.00702
5.4 0.895405
5.49 0.794223
5.58 0.703579
5.67 0.623574
5.76 0.554301
5.85 0.495845
5.94 0.448282
6.03 0.411677
6.12 0.386085
6.21 0.371542
6.3 0.368073
6.39 0.375681
6.48 0.394356
6.57 0.424069
6.66 0.464775
6.75 0.516417
6.84 0.578924
6.93 0.652218
7.02 0.736209
7.11 0.830803
7.2 0.935896
7.29 1.05137
7.38 1.17711
7.47 1.31294
7.56 1.45867
7.65 1.61406
7.74 1.77876
7.83 1.95233
7.92 2.13417
8.01 2.3235
8.1 2.51931
8.19 2.72032
8.28 2.92497
8.37 3.13133
8.46 3.33716
8.55 3.53986
8.64 3.73655
8.73 3.92407
8.82 4.0991
8.91 4.25827
9 4.39826
9.09 4.51597
9.18 4.60864
9.27 4.67403
9.36 4.71049
9.45 4.7171
9.54 4.69369
9.63 4.64085
9.72 4.55993
9.81 4.45291
9.9 4.32235
9.99 4.17121
10.08 4.00274
10.17 3.82029
10.26 3.62723
10.35 3.4268
10.44 3.22201
10.53 3.01558
10.62 2.80993
10.71 2.6071
10.8 2.40883
10.89 2.21651
10.98 2.03127
11.07 1.85398
11.16 1.68532
11.25 1.5258
11.34 1.37578
11.43 1.23557
11.52 1.10538
11.61 0.985378
11.7 0.875706
11.79 0.776484
11.88 0.687821
11.97 0.609814
12.06 0.542556
12.15 0.486129
12.24 0.440609
12.33 0.406058
12.42 0.382527
12.51 0.370053
12.6 0.368653
12.69 0.37833
12.78 0.39907
12.87 0.43084
12.96 0.473594
13.05 0.527272
13.14 0.591801
13.23 0.6671
13.32 0.75308
13.41 0.849643
13.5 0.956686
13.59 1.07409
13.68 1.20172
13.77 1.33942
13.86 1.48698
13.95 1.64413
14.04 1.81053
14.13 1.98569
14.22 2.169
14.31 2.35962
14.4 2.55651
14.49 2.75834
14.58 2.96346
14.67 3.1699
14.76 3.37535
14.85 3.57716
14.94 3.77238
15.03 3.95782
15.12 4.13015
15.21 4.28598
15.3 4.42203
15.39 4.53526
15.48 4.62299
15.57 4.68307
15.66 4.71401
15.75 4.715
15.84 4.68602
15.93 4.62781
16.02 4.54185
16.11 4.43022
16.2 4.29558
16.29 4.14095
16.38 3.96961
16.47 3.78493
16.56 3.59025
16.65 3.38878
16.74 3.18349
16.83 2.97703
16.92 2.77176
17.01 2.56967
17.1 2.37241
17.19 2.18133
17.28 1.99752
17.37 1.8218
17.46 1.65481
17.55 1.49704
17.64 1.34884
17.73 1.21048
17.82 1.08218
17.91 0.964099
