0 0.367879
0.018 0.368101
0.036 0.368766
0.054 0.369874
0.072 0.371425
0.09 0.373419
0.108 0.375855
0.126 0.378735
0.144 0.382057
0.162 0.385821
0.18 0.390028
0.198 0.394676
0.216 0.399766
0.234 0.405297
0.252 0.411268
0.27 0.417681
0.288 0.424533
0.306 0.431826
0.324 0.439558
0.342 0.447728
0.36 0.456337
0.378 0.465384
0.396 0.474868
0.414 0.48479
0.432 0.495147
0.45 0.505941
0.468 0.517169
0.486 0.528833
0.504 0.54093
0.522 0.553461
0.54 0.566424
0.558 0.57982
0.576 0.593647
0.594 0.607904
0.612 0.622592
0.63 0.637709
0.648 0.653255
0.666 0.669228
0.684 0.685629
0.702 0.702456
0.72 0.719709
0.738 0.737386
0.756 0.755488
0.774 0.774013
0.792 0.79296
0.81 0.812329
0.828 0.832119
0.846 0.852329
0.864 0.872958
0.882 0.894005
0.9 0.915469
0.918 0.93735
0.936 0.959646
0.954 0.982356
0.972 1.00548
0.99 1.02902
1.008 1.05296
1.026 1.07732
1.044 1.10209
1.062 1.12726
1.08 1.15284
1.098 1.17883
1.116 1.20522
1.134 1.23201
1.152 1.25921
1.17 1.2868
1.188 1.31479
1.206 1.34318
1.224 1.37196
1.242 1.40114
1.26 1.4307
1.278 1.46066
1.296 1.491
1.314 1.52172
1.332 1.55283
1.35 1.58431
1.368 1.61617
1.386 1.6484
1.404 1.681
1.422 1.71397
1.44 1.7473
1.458 1.78099
1.476 1.81503
1.494 1.84943
1.512 1.88417
1.53 1.91925
1.548 1.95467
1.566 1.99042
1.584 2.02649
1.602 2.06289
1.62 2.0996
1.638 2.13661
1.656 2.17393
1.674 2.21153
1.692 2.24943
1.71 2.2876
1.728 2.32603
1.746 2.36473
1.764 2.40368
1.782 2.44287
1.8 2.48229
1.818 2.52192
1.836 2.56177
1.854 2.60181
1.872 2.64204
1.89 2.68244
1.908 2.723
1.926 2.7637
1.944 2.80454
1.962 2.84549
1.98 2.88654
1.998 2.92768
2.016 2.96889
2.034 3.01014
2.052 3.05144
2.07 3.09274
2.088 3.13405
2.106 3.17533
2.124 3.21658
2.142 3.25776
2.16 3.29886
2.178 3.33985
2.196 3.38072
2.214 3.42145
2.232 3.462
2.25 3.50236
2.268 3.5425
2.286 3.5824
2.304 3.62203
2.322 3.66138
2.34 3.7004
2.358 3.73909
2.376 3.7774
2.394 3.81533
2.412 3.85283
2.43 3.88988
2.448 3.92646
2.466 3.96254
2.484 3.99809
2.502 4.03309
2.52 4.06751
2.538 4.10131
2.556 4.13448
2.574 4.16698
2.592 4.1988
2.61 4.22989
2.628 4.26025
2.646 4.28983
2.664 4.31862
2.682 4.34659
2.7 4.37371
2.718 4.39996
2.736 4.42532
2.754 4.44976
2.772 4.47326
2.79 4.4958
2.808 4.51736
2.826 4.53791
2.844 4.55743
2.862 4.57592
2.88 4.59334
2.898 4.60968
2.916 4.62493
2.934 4.63907
2.952 4.65209
2.97 4.66397
2.988 4.6747
3.006 4.68427
3.024 4.69267
3.042 4.69989
3.06 4.70593
3.078 4.71077
3.096 4.71442
3.114 4.71687
3.132 4.71811
3.15 4.71815
3.168 4.71699
3.186 4.71462
3.204 4.71105
3.222 4.70628
3.24 4.70032
3.258 4.69318
3.276 4.68486
3.294 4.67536
3.312 4.66471
3.33 4.65291
3.348 4.63996
3.366 4.6259
3.384 4.61072
3.402 4.59445
3.42 4.5771
3.438 4.55868
3.456 4.53922
3.474 4.51874
3.492 4.49725
3.51 4.47478
3.528 4.45134
3.546 4.42696
3.564 4.40166
3.582 4.37547
3.6 4.3484
3.618 4.32049
3.636 4.29175
3.654 4.26222
3.672 4.23192
3.69 4.20087
3.708 4.1691
3.726 4.13664
3.744 4.10351
3.762 4.06975
3.78 4.03538
3.798 4.00042
3.816 3.9649
3.834 3.92885
3.852 3.89231
3.87 3.85528
3.888 3.81781
3.906 3.77991
3.924 3.74162
3.942 3.70296
3.96 3.66396
3.978 3.62463
3.996 3.58502
4.014 3.54513
4.032 3.50501
4.05 3.46466
4.068 3.42412
4.086 3.38341
4.104 3.34255
4.122 3.30156
4.14 3.26047
4.158 3.21929
4.176 3.17805
4.194 3.13677
4.212 3.09546
4.23 3.05416
4.248 3.01286
4.266 2.9716
4.284 2.93039
4.302 2.88925
4.32 2.84819
4.338 2.80723
4.356 2.76639
4.374 2.72568
4.392 2.68511
4.41 2.6447
4.428 2.60446
4.446 2.5644
4.464 2.52454
4.482 2.48489
4.5 2.44546
4.518 2.40625
4.536 2.36729
4.554 2.32857
4.572 2.29012
4.59 2.25193
4.608 2.21402
4.626 2.17639
4.644 2.13906
4.662 2.10203
4.68 2.0653
4.698 2.02888
4.716 1.99278
4.734 1.95701
4.752 1.92157
4.77 1.88647
4.788 1.8517
4.806 1.81729
4.824 1.78322
4.842 1.74951
4.86 1.71615
4.878 1.68316
4.896 1.65054
4.914 1.61828
4.932 1.5864
4.95 1.55489
4.968 1.52376
4.986 1.49301
5.004 1.46264
5.022 1.43267
5.04 1.40307
5.058 1.37387
5.076 1.34507
5.094 1.31665
5.112 1.28863
5.13 1.26101
5.148 1.23379
5.166 1.20697
5.184 1.18056
5.202 1.15454
5.22 1.12894
5.238 1.10373
5.256 1.07894
5.274 1.05456
5.292 1.03058
5.31 1.00702
5.328 0.983866
5.346 0.961129
5.364 0.938805
5.382 0.916897
5.4 0.895405
5.418 0.874331
5.436 0.853674
5.454 0.833437
5.472 0.81362
5.49 0.794223
5.508 0.775248
5.526 0.756695
5.544 0.738565
5.562 0.72086
5.58 0.703579
5.598 0.686724
5.616 0.670295
5.634 0.654293
5.652 0.638719
5.67 0.623574
5.688 0.608858
5.706 0.594572
5.724 0.580717
5.742 0.567293
5.76 0.554301
5.778 0.541742
5.796 0.529616
5.814 0.517924
5.832 0.506667
5.85 0.495845
5.868 0.485458
5.886 0.475508
5.904 0.465995
5.922 0.456919
5.94 0.448282
5.958 0.440082
5.976 0.432321
5.994 0.425
6.012 0.418119
6.03 0.411677
6.048 0.405676
6.066 0.400116
6.084 0.394997
6.102 0.39032
6.12 0.386085
6.138 0.382291
6.156 0.37894
6.174 0.376031
6.192 0.373565
6.21 0.371542
6.228 0.369962
6.246 0.368825
6.264 0.368131
6.282 0.36788
6.3 0.368073
6.318 0.368708
6.336 0.369787
6.354 0.371309
6.372 0.373274
6.39 0.375681
6.408 0.378532
6.426 0.381825
6.444 0.38556
6.462 0.389737
6.48 0.394356
6.498 0.399417
6.516 0.404919
6.534 0.410862
6.552 0.417245
6.57 0.424069
6.588 0.431332
6.606 0.439035
6.624 0.447177
6.642 0.455757
6.66 0.464775
6.678 0.47423
6.696 0.484123
6.714 0.494452
6.732 0.505217
6.75 0.516417
6.768 0.528051
6.786 0.54012
6.804 0.552622
6.822 0.565557
6.84 0.578924
6.858 0.592723
6.876 0.606952
6.894 0.621611
6.912 0.6367
6.93 0.652218
6.948 0.668163
6.966 0.684536
6.984 0.701335
7.002 0.718559
7.02 0.736209
7.038 0.754283
7.056 0.77278
7.074 0.7917
7.092 0.811041
7.11 0.830803
7.128 0.850985
7.146 0.871586
7.164 0.892606
7.182 0.914043
7.2 0.935896
7.218 0.958165
7.236 0.980848
7.254 1.00394
7.272 1.02745
7.29 1.05137
7.308 1.07571
7.326 1.10044
7.344 1.12559
7.362 1.15115
7.38 1.17711
7.398 1.20347
7.416 1.23024
7.434 1.25741
7.452 1.28497
7.47 1.31294
7.488 1.3413
7.506 1.37006
7.524 1.39921
7.542 1.42875
7.56 1.45867
7.578 1.48899
7.596 1.51969
7.614 1.55077
7.632 1.58222
7.65 1.61406
7.668 1.64627
7.686 1.67884
7.704 1.71179
7.722 1.74509
7.74 1.77876
7.758 1.81278
7.776 1.84715
7.794 1.88187
7.812 1.91693
7.83 1.95233
7.848 1.98805
7.866 2.02411
7.884 2.06048
7.902 2.09717
7.92 2.13417
7.938 2.17146
7.956 2.20905
7.974 2.24692
7.992 2.28507
8.01 2.3235
8.028 2.36218
8.046 2.40111
8.064 2.44028
8.082 2.47968
8.1 2.51931
8.118 2.55914
8.136 2.59917
8.154 2.63939
8.172 2.67978
8.19 2.72032
8.208 2.76102
8.226 2.80185
8.244 2.84279
8.262 2.88384
8.28 2.92497
8.298 2.96617
8.316 3.00743
8.334 3.04872
8.352 3.09002
8.37 3.13133
8.388 3.17262
8.406 3.21386
8.424 3.25505
8.442 3.29615
8.46 3.33716
8.478 3.37804
8.496 3.41877
8.514 3.45933
8.532 3.49971
8.55 3.53986
8.568 3.57978
8.586 3.61943
8.604 3.65879
8.622 3.69784
8.64 3.73655
8.658 3.77489
8.676 3.81284
8.694 3.85037
8.712 3.88746
8.73 3.92407
8.748 3.96018
8.766 3.99577
8.784 4.0308
8.802 4.06526
8.82 4.0991
8.838 4.13231
8.856 4.16486
8.874 4.19672
8.892 4.22787
8.91 4.25827
8.928 4.28791
8.946 4.31675
8.964 4.34477
8.982 4.37195
9 4.39826
9.018 4.42368
9.036 4.44818
9.054 4.47175
9.072 4.49435
9.09 4.51597
9.108 4.53658
9.126 4.55618
9.144 4.57473
9.162 4.59222
9.18 4.60864
9.198 4.62396
9.216 4.63818
9.234 4.65127
9.252 4.66322
9.27 4.67403
9.288 4.68367
9.306 4.69215
9.324 4.69945
9.342 4.70557
9.36 4.71049
9.378 4.71422
9.396 4.71674
9.414 4.71807
9.432 4.71818
9.45 4.7171
9.468 4.71481
9.486 4.71132
9.504 4.70663
9.522 4.70075
9.54 4.69369
9.558 4.68544
9.576 4.67602
9.594 4.66545
9.612 4.65372
9.63 4.64085
9.648 4.62686
9.666 4.61175
9.684 4.59555
9.702 4.57827
9.72 4.55993
9.738 4.54054
9.756 4.52012
9.774 4.4987
9.792 4.47629
9.81 4.45291
9.828 4.42859
9.846 4.40336
9.864 4.37722
9.882 4.35021
9.9 4.32235
9.918 4.29367
9.936 4.26419
9.954 4.23394
9.972 4.20293
9.99 4.17121
10.008 4.1388
10.026 4.10572
10.044 4.07199
10.062 4.03766
10.08 4.00274
10.098 3.96726
10.116 3.93124
10.134 3.89473
10.152 3.85773
10.17 3.82029
10.188 3.78242
10.206 3.74415
10.224 3.70552
10.242 3.66653
10.26 3.62723
10.278 3.58763
10.296 3.54777
10.314 3.50766
10.332 3.46733
10.35 3.4268
10.368 3.3861
10.386 3.34524
10.404 3.30426
10.422 3.26318
10.44 3.22201
10.458 3.18077
10.476 3.13949
10.494 3.09818
10.512 3.05688
10.53 3.01558
10.548 2.97432
10.566 2.9331
10.584 2.89196
10.602 2.85089
10.62 2.80993
10.638 2.76907
10.656 2.72835
10.674 2.68777
10.692 2.64735
10.71 2.6071
10.728 2.56703
10.746 2.52716
10.764 2.48749
10.782 2.44805
10.8 2.40883
10.818 2.36985
10.836 2.33112
10.854 2.29264
10.872 2.25444
10.89 2.21651
10.908 2.17886
10.926 2.14151
10.944 2.10445
10.962 2.06771
10.98 2.03127
10.998 1.99515
11.016 1.95936
11.034 1.9239
11.052 1.88877
11.07 1.85398
11.088 1.81954
11.106 1.78545
11.124 1.75172
11.142 1.71834
11.16 1.68532
11.178 1.65267
11.196 1.62039
11.214 1.58848
11.232 1.55695
11.25 1.5258
11.268 1.49502
11.286 1.46463
11.304 1.43463
11.322 1.40501
11.34 1.37578
11.358 1.34695
11.376 1.31851
11.394 1.29047
11.412 1.26282
11.43 1.23557
11.448 1.20873
11.466 1.18228
11.484 1.15624
11.502 1.13061
11.52 1.10538
11.538 1.08056
11.556 1.05615
11.574 1.03215
11.592 1.00856
11.61 0.985378
11.628 0.962613
11.646 0.940262
11.664 0.918327
11.682 0.896808
11.7 0.875706
11.718 0.855022
11.736 0.834757
11.754 0.814912
11.772 0.795487
11.79 0.776484
11.808 0.757903
11.826 0.739746
11.844 0.722013
11.862 0.704704
11.88 0.687821
11.898 0.671364
11.916 0.655334
11.934 0.639732
11.952 0.624558
11.97 0.609814
11.988 0.5955
12.006 0.581616
12.024 0.568164
12.042 0.555143
12.06 0.542556
12.078 0.530401
12.096 0.518681
12.114 0.507395
12.132 0.496544
12.15 0.486129
12.168 0.47615
12.186 0.466608
12.204 0.457504
12.222 0.448837
12.24 0.440609
12.258 0.432819
12.276 0.425469
12.294 0.418558
12.312 0.412088
12.33 0.406058
12.348 0.400469
12.366 0.395321
12.384 0.390615
12.402 0.38635
12.42 0.382527
12.438 0.379147
12.456 0.376209
12.474 0.373714
12.492 0.371662
12.51 0.370053
12.528 0.368886
12.546 0.368163
12.564 0.367883
12.582 0.368047
12.6 0.368653
12.618 0.369702
12.636 0.371195
12.654 0.373131
12.672 0.375509
12.69 0.37833
12.708 0.381594
12.726 0.3853
12.744 0.389448
12.762 0.394038
12.78 0.39907
12.798 0.404543
12.816 0.410457
12.834 0.416811
12.852 0.423606
12.87 0.43084
12.888 0.438514
12.906 0.446627
12.924 0.455178
12.942 0.464168
12.96 0.473594
12.978 0.483458
12.996 0.493758
13.014 0.504494
13.032 0.515666
13.05 0.527272
13.068 0.539312
13.086 0.551786
13.104 0.564692
13.122 0.578031
13.14 0.591801
13.158 0.606002
13.176 0.620633
13.194 0.635693
13.212 0.651183
13.23 0.6671
13.248 0.683444
13.266 0.700215
13.284 0.717412
13.302 0.735034
13.32 0.75308
13.338 0.771549
13.356 0.790441
13.374 0.809754
13.392 0.829489
13.41 0.849643
13.428 0.870217
13.446 0.891209
13.464 0.912618
13.482 0.934444
13.5 0.956686
13.518 0.979342
13.536 1.00241
13.554 1.02589
13.572 1.04979
13.59 1.07409
13.608 1.0988
13.626 1.12392
13.644 1.14945
13.662 1.17539
13.68 1.20172
13.698 1.22846
13.716 1.2556
13.734 1.28315
13.752 1.31108
13.77 1.33942
13.788 1.36815
13.806 1.39727
13.824 1.42679
13.842 1.45669
13.86 1.48698
13.878 1.51765
13.896 1.54871
13.914 1.58014
13.932 1.61195
13.95 1.64413
13.968 1.67669
13.986 1.70961
14.004 1.74289
14.022 1.77653
14.04 1.81053
14.058 1.84488
14.076 1.87957
14.094 1.91461
14.112 1.94999
14.13 1.98569
14.148 2.02172
14.166 2.05808
14.184 2.09475
14.202 2.13172
14.22 2.169
14.238 2.20657
14.256 2.24442
14.274 2.28255
14.292 2.32096
14.31 2.35962
14.328 2.39854
14.346 2.43769
14.364 2.47708
14.382 2.51669
14.4 2.55651
14.418 2.59653
14.436 2.63673
14.454 2.67711
14.472 2.71765
14.49 2.75834
14.508 2.79915
14.526 2.84009
14.544 2.88113
14.562 2.92226
14.58 2.96346
14.598 3.00471
14.616 3.046
14.634 3.0873
14.652 3.12861
14.67 3.1699
14.688 3.21115
14.706 3.25234
14.724 3.29345
14.742 3.33446
14.76 3.37535
14.778 3.41609
14.796 3.45667
14.814 3.49705
14.832 3.53723
14.85 3.57716
14.868 3.61683
14.886 3.65621
14.904 3.69528
14.922 3.73401
14.94 3.77238
14.958 3.81035
14.976 3.84791
14.994 3.88503
15.012 3.92167
15.03 3.95782
15.048 3.99344
15.066 4.02852
15.084 4.06301
15.102 4.09689
15.12 4.13015
15.138 4.16274
15.156 4.19465
15.174 4.22584
15.192 4.25629
15.21 4.28598
15.228 4.31488
15.246 4.34295
15.264 4.37019
15.282 4.39656
15.3 4.42203
15.318 4.4466
15.336 4.47022
15.354 4.49289
15.372 4.51457
15.39 4.53526
15.408 4.55492
15.426 4.57354
15.444 4.59111
15.462 4.60759
15.48 4.62299
15.498 4.63727
15.516 4.65044
15.534 4.66247
15.552 4.67335
15.57 4.68307
15.588 4.69163
15.606 4.69901
15.624 4.7052
15.642 4.7102
15.66 4.71401
15.678 4.71661
15.696 4.71802
15.714 4.71821
15.732 4.71721
15.75 4.715
15.768 4.71159
15.786 4.70698
15.804 4.70118
15.822 4.69419
15.84 4.68602
15.858 4.67668
15.876 4.66618
15.894 4.65453
15.912 4.64173
15.93 4.62781
15.948 4.61278
15.966 4.59665
15.984 4.57944
16.002 4.56117
16.02 4.54185
16.038 4.5215
16.056 4.50014
16.074 4.47779
16.092 4.45448
16.11 4.43022
16.128 4.40504
16.146 4.37897
16.164 4.35201
16.182 4.32421
16.2 4.29558
16.218 4.26615
16.236 4.23595
16.254 4.205
16.272 4.17332
16.29 4.14095
16.308 4.10791
16.326 4.07423
16.344 4.03994
16.362 4.00505
16.38 3.96961
16.398 3.93363
16.416 3.89715
16.434 3.86018
16.452 3.82277
16.47 3.78493
16.488 3.74669
16.506 3.70807
16.524 3.66911
16.542 3.62983
16.56 3.59025
16.578 3.5504
16.596 3.51031
16.614 3.46999
16.632 3.42947
16.65 3.38878
16.668 3.34794
16.686 3.30697
16.704 3.26589
16.722 3.22472
16.74 3.18349
16.758 3.14221
16.776 3.10091
16.794 3.0596
16.812 3.0183
16.83 2.97703
16.848 2.93582
16.866 2.89466
16.884 2.85359
16.902 2.81262
16.92 2.77176
16.938 2.73103
16.956 2.69044
16.974 2.65001
16.992 2.60975
17.01 2.56967
17.028 2.52978
17.046 2.4901
17.064 2.45064
17.082 2.4114
17.1 2.37241
17.118 2.33366
17.136 2.29517
17.154 2.25695
17.172 2.219
17.19 2.18133
17.208 2.14396
17.226 2.10689
17.244 2.07012
17.262 2.03366
17.28 1.99752
17.298 1.96171
17.316 1.92622
17.334 1.89107
17.352 1.85626
17.37 1.8218
17.388 1.78769
17.406 1.75393
17.424 1.72053
17.442 1.68749
17.46 1.65481
17.478 1.62251
17.496 1.59057
17.514 1.55902
17.532 1.52784
17.55 1.49704
17.568 1.46662
17.586 1.43659
17.604 1.40695
17.622 1.3777
17.64 1.34884
17.658 1.32037
17.676 1.2923
17.694 1.26463
17.712 1.23735
17.73 1.21048
17.748 1.18401
17.766 1.15795
17.784 1.13228
17.802 1.10703
17.82 1.08218
17.838 1.05774
17.856 1.03371
17.874 1.0101
17.892 0.986892
17.91 0.964099
17.928 0.941721
17.946 0.919759
17.964 0.898212
17.982 0.877082
