0 0.367879
0.36 0.456353
0.72 0.71975
1.08 1.15289
1.44 1.74731
1.8 2.48222
2.16 3.29871
2.52 4.06729
2.88 4.59309
3.24 4.70007
3.6 4.34816
3.96 3.66373
4.32 2.84802
4.68 2.06522
5.04 1.40307
5.4 0.895411
5.76 0.554277
6.12 0.386035
6.48 0.394308
6.84 0.578894
7.2 0.935866
7.56 1.4586
7.92 2.13398
8.28 2.92464
8.64 3.73607
9 4.39767
9.36 4.70985
9.72 4.5593
10.08 4.00218
10.44 3.22156
10.8 2.40854
11.16 1.68517
11.52 1.1053
11.88 0.687746
12.24 0.440512
12.6 0.368548
12.96 0.473499
13.32 0.752985
13.68 1.20158
14.04 1.81027
14.4 2.55606
14.76 3.37468
15.12 4.12927
15.48 4.62198
15.84 4.68499
16.2 4.29465
16.56 3.58947
16.92 2.77119
17.28 1.99717
17.64 1.34863
