0 0.367879
0.036 0.368766
0.072 0.371425
0.108 0.375855
0.144 0.382057
0.18 0.390028
0.216 0.399766
0.252 0.411268
0.288 0.424533
0.324 0.439558
0.36 0.456337
0.396 0.474868
0.432 0.495147
0.468 0.517169
0.504 0.54093
0.54 0.566424
0.576 0.593647
0.612 0.622592
0.648 0.653255
0.684 0.685629
0.72 0.719709
0.756 0.755488
0.792 0.79296
0.828 0.832119
0.864 0.872958
0.9 0.915469
0.936 0.959646
0.972 1.00548
1.008 1.05296
1.044 1.10209
1.08 1.15284
1.116 1.20522
1.152 1.25921
1.188 1.31479
1.224 1.37196
1.26 1.4307
1.296 1.491
1.332 1.55283
1.368 1.61617
1.404 1.681
1.44 1.7473
1.476 1.81503
1.512 1.88417
1.548 1.95467
1.584 2.02649
1.62 2.0996
1.656 2.17393
1.692 2.24943
1.728 2.32603
1.764 2.40368
1.8 2.48229
1.836 2.56177
1.872 2.64204
1.908 2.723
1.944 2.80454
1.98 2.88654
2.016 2.96889
2.052 3.05144
2.088 3.13405
2.124 3.21658
2.16 3.29886
2.196 3.38072
2.232 3.462
2.268 3.5425
2.304 3.62203
2.34 3.7004
2.376 3.7774
2.412 3.85283
2.448 3.92646
2.484 3.99809
2.52 4.06751
2.556 4.13448
2.592 4.1988
2.628 4.26025
2.664 4.31862
2.7 4.37371
2.736 4.42532
2.772 4.47326
2.808 4.51736
2.844 4.55743
2.88 4.59334
2.916 4.62493
2.952 4.65209
2.988 4.6747
3.024 4.69267
3.06 4.70593
3.096 4.71442
3.132 4.71811
3.168 4.71699
3.204 4.71105
3.24 4.70032
3.276 4.68486
3.312 4.66471
3.348 4.63996
3.384 4.61072
3.42 4.5771
3.456 4.53922
3.492 4.49725
3.528 4.45134
3.564 4.40166
3.6 4.3484
3.636 4.29175
3.672 4.23192
3.708 4.1691
3.744 4.10351
3.78 4.03538
3.816 3.9649
3.852 3.89231
3.888 3.81781
3.924 3.74162
3.96 3.66396
3.996 3.58502
4.032 3.50501
4.068 3.42412
4.104 3.34255
4.14 3.26047
4.176 3.17805
4.212 3.09546
4.248 3.01286
4.284 2.93039
4.32 2.84819
4.356 2.76639
4.392 2.68511
4.428 2.60446
4.464 2.52454
4.5 2.44546
4.536 2.36729
4.572 2.29012
4.608 2.21402
4.644 2.13906
4.68 2.0653
4.716 1.99278
4.752 1.92157
4.788 1.8517
4.824 1.78322
4.86 1.71615
4.896 1.65054
4.932 1.5864
4.968 1.52376
5.004 1.46264
5.04 1.40307
5.076 1.34507
5.112 1.28863
5.148 1.23379
5.184 1.18056
5.22 1.12894
5.256 1.07894
5.292 1.03058
5.328 0.983866
5.364 0.938805
5.4 0.895405
5.436 0.853674
5.472 0.81362
5.508 0.775248
5.544 0.738565
5.58 0.703579
5.616 0.670295
5.652 0.638719
5.688 0.608858
5.724 0.580717
5.76 0.554301
5.796 0.529616
5.832 0.506667
5.868 0.485458
5.904 0.465995
5.94 0.448282
5.976 0.432321
6.012 0.418119
6.048 0.405676
6.084 0.394997
6.12 0.386085
6.156 0.37894
6.192 0.373565
6.228 0.369962
6.264 0.368131
6.3 0.368073
6.336 0.369787
6.372 0.373274
6.408 0.378532
6.444 0.38556
6.48 0.394356
6.516 0.404919
6.552 0.417245
6.588 0.431332
6.624 0.447177
6.66 0.464775
6.696 0.484123
6.732 0.505217
6.768 0.528051
6.804 0.552622
6.84 0.578924
6.876 0.606952
6.912 0.6367
6.948 0.668163
6.984 0.701335
7.02 0.736209
7.056 0.77278
7.092 0.811041
7.128 0.850985
7.164 0.892606
7.2 0.935896
7.236 0.980848
7.272 1.02745
7.308 1.07571
7.344 1.12559
7.38 1.17711
7.416 1.23024
7.452 1.28497
7.488 1.3413
7.524 1.39921
7.56 1.45867
7.596 1.51969
7.632 1.58222
7.668 1.64627
7.704 1.71179
7.74 1.77876
7.776 1.84715
7.812 1.91693
7.848 1.98805
7.884 2.06048
7.92 2.13417
7.956 2.20905
7.992 2.28507
8.028 2.36218
8.064 2.44028
8.1 2.51931
8.136 2.59917
8.172 2.67978
8.208 2.76102
8.244 2.84279
8.28 2.92497
8.316 3.00743
8.352 3.09002
8.388 3.17262
8.424 3.25505
8.46 3.33716
8.496 3.41877
8.532 3.49971
8.568 3.57978
8.604 3.65879
8.64 3.73655
8.676 3.81284
8.712 3.88746
8.748 3.96018
8.784 4.0308
8.82 4.0991
8.856 4.16486
8.892 4.22787
8.928 4.28791
8.964 4.34477
9 4.39826
9.036 4.44818
9.072 4.49435
9.108 4.53658
9.144 4.57473
9.18 4.60864
9.216 4.63818
9.252 4.66322
9.288 4.68367
9.324 4.69945
9.36 4.71049
9.396 4.71674
9.432 4.71818
9.468 4.71481
9.504 4.70663
9.54 4.69369
9.576 4.67602
9.612 4.65372
9.648 4.62686
9.684 4.59555
9.72 4.55993
9.756 4.52012
9.792 4.47629
9.828 4.42859
9.864 4.37722
9.9 4.32235
9.936 4.26419
9.972 4.20293
10.008 4.1388
10.044 4.07199
10.08 4.00274
10.116 3.93124
10.152 3.85773
10.188 3.78242
10.224 3.70552
10.26 3.62723
10.296 3.54777
10.332 3.46733
10.368 3.3861
10.404 3.30426
10.44 3.22201
10.476 3.13949
10.512 3.05688
10.548 2.97432
10.584 2.89196
10.62 2.80993
10.656 2.72835
10.692 2.64735
10.728 2.56703
10.764 2.48749
10.8 2.40883
10.836 2.33112
10.872 2.25444
10.908 2.17886
10.944 2.10445
10.98 2.03127
11.016 1.95936
11.052 1.88877
11.088 1.81954
11.124 1.75172
11.16 1.68532
11.196 1.62039
11.232 1.55695
11.268 1.49502
11.304 1.43463
11.34 1.37578
11.376 1.31851
11.412 1.26282
11.448 1.20873
11.484 1.15624
11.52 1.10538
11.556 1.05615
11.592 1.00856
11.628 0.962613
11.664 0.918327
11.7 0.875706
11.736 0.834757
11.772 0.795487
11.808 0.757903
11.844 0.722013
11.88 0.687821
11.916 0.655334
11.952 0.624558
11.988 0.5955
12.024 0.568164
12.06 0.542556
12.096 0.518681
12.132 0.496544
12.168 0.47615
12.204 0.457504
12.24 0.440609
12.276 0.425469
12.312 0.412088
12.348 0.400469
12.384 0.390615
12.42 0.382527
12.456 0.376209
12.492 0.371662
12.528 0.368886
12.564 0.367883
12.6 0.368653
12.636 0.371195
12.672 0.375509
12.708 0.381594
12.744 0.389448
12.78 0.39907
12.816 0.410457
12.852 0.423606
12.888 0.438514
12.924 0.455178
12.96 0.473594
12.996 0.493758
13.032 0.515666
13.068 0.539312
13.104 0.564692
13.14 0.591801
13.176 0.620633
13.212 0.651183
13.248 0.683444
13.284 0.717412
13.32 0.75308
13.356 0.790441
13.392 0.829489
13.428 0.870217
13.464 0.912618
13.5 0.956686
13.536 1.00241
13.572 1.04979
13.608 1.0988
13.644 1.14945
13.68 1.20172
13.716 1.2556
13.752 1.31108
13.788 1.36815
13.824 1.42679
13.86 1.48698
13.896 1.54871
13.932 1.61195
13.968 1.67669
14.004 1.74289
14.04 1.81053
14.076 1.87957
14.112 1.94999
14.148 2.02172
14.184 2.09475
14.22 2.169
14.256 2.24442
14.292 2.32096
14.328 2.39854
14.364 2.47708
14.4 2.55651
14.436 2.63673
14.472 2.71765
14.508 2.79915
14.544 2.88113
14.58 2.96346
14.616 3.046
14.652 3.12861
14.688 3.21115
14.724 3.29345
14.76 3.37535
14.796 3.45667
14.832 3.53723
14.868 3.61683
14.904 3.69528
14.94 3.77238
14.976 3.84791
15.012 3.92167
15.048 3.99344
15.084 4.06301
15.12 4.13015
15.156 4.19465
15.192 4.25629
15.228 4.31488
15.264 4.37019
15.3 4.42203
15.336 4.47022
15.372 4.51457
15.408 4.55492
15.444 4.59111
15.48 4.62299
15.516 4.65044
15.552 4.67335
15.588 4.69163
15.624 4.7052
15.66 4.71401
15.696 4.71802
15.732 4.71721
15.768 4.71159
15.804 4.70118
15.84 4.68602
15.876 4.66618
15.912 4.64173
15.948 4.61278
15.984 4.57944
16.02 4.54185
16.056 4.50014
16.092 4.45448
16.128 4.40504
16.164 4.35201
16.2 4.29558
16.236 4.23595
16.272 4.17332
16.308 4.10791
16.344 4.03994
16.38 3.96961
16.416 3.89715
16.452 3.82277
16.488 3.74669
16.524 3.66911
16.56 3.59025
16.596 3.51031
16.632 3.42947
16.668 3.34794
16.704 3.26589
16.74 3.18349
16.776 3.10091
16.812 3.0183
16.848 2.93582
16.884 2.85359
16.92 2.77176
16.956 2.69044
16.992 2.60975
17.028 2.52978
17.064 2.45064
17.1 2.37241
17.136 2.29517
17.172 2.219
17.208 2.14396
17.244 2.07012
17.28 1.99752
17.316 1.92622
17.352 1.85626
17.388 1.78769
17.424 1.72053
17.46 1.65481
17.496 1.59057
17.532 1.52784
17.568 1.46662
17.604 1.40695
17.64 1.34884
17.676 1.2923
17.712 1.23736
17.748 1.18401
17.784 1.13228
17.82 1.08218
17.856 1.03371
17.892 0.986892
17.928 0.941721
17.964 0.898212
