0 0.367879
0.45 0.505997
0.9 0.915582
1.35 1.58435
1.8 2.4821
2.25 3.50191
2.7 4.37309
3.15 4.71748
3.6 4.34775
4.05 3.46407
4.5 2.4451
4.95 1.55481
5.4 0.895387
5.85 0.495733
6.3 0.367911
6.75 0.516296
7.2 0.935769
7.65 1.61373
8.1 2.51855
8.55 3.53857
9 4.39654
9.45 4.71523
9.9 4.32063
10.35 3.42541
10.8 2.40795
11.25 1.52538
11.7 0.875455
12.15 0.485837
12.6 0.368329
13.05 0.526971
13.5 0.956312
13.95 1.64343
14.4 2.55516
14.85 3.575
15.3 4.4192
15.75 4.71194
16.2 4.29281
16.65 3.38661
17.1 2.37102
17.55 1.4963
