0 0.367879
0.06 0.370341
0.12 0.377726
0.18 0.390028
0.24 0.407238
0.3 0.429346
0.36 0.456337
0.42 0.488194
0.48 0.524897
0.54 0.566424
0.6 0.612752
0.66 0.663856
0.72 0.719709
0.78 0.780282
0.84 0.845546
0.9 0.915469
0.96 0.990018
1.02 1.06916
1.08 1.15284
1.14 1.24103
1.2 1.33368
1.26 1.4307
1.32 1.53205
1.38 1.63762
1.44 1.7473
1.5 1.86097
1.56 1.97847
1.62 2.0996
1.68 2.22413
1.74 2.3518
1.8 2.48229
1.86 2.6152
1.92 2.75012
1.98 2.88654
2.04 3.0239
2.1 3.16158
2.16 3.29886
2.22 3.43498
2.28 3.56913
2.34 3.7004
2.4 3.82787
2.46 3.95057
2.52 4.06751
2.58 4.17767
2.64 4.28006
2.7 4.37371
2.76 4.4577
2.82 4.53117
2.88 4.59334
2.94 4.64354
3 4.68121
3.06 4.70593
3.12 4.71742
3.18 4.71554
3.24 4.70032
3.3 4.67194
3.36 4.63071
3.42 4.5771
3.48 4.51169
3.54 4.43519
3.6 4.3484
3.66 4.2522
3.72 4.14753
3.78 4.03538
3.84 3.91673
3.9 3.79259
3.96 3.66395
4.02 3.53178
4.08 3.397
4.14 3.26047
4.2 3.123
4.26 2.98535
4.32 2.84819
4.38 2.71214
4.44 2.57773
4.5 2.44546
4.56 2.31573
4.62 2.1889
4.68 2.0653
4.74 1.94516
4.8 1.82872
4.86 1.71615
4.92 1.60761
4.98 1.50322
5.04 1.40307
5.1 1.30727
5.16 1.21587
5.22 1.12894
5.28 1.04652
5.34 0.968662
5.4 0.895405
5.46 0.826785
5.52 0.762832
5.58 0.703579
5.64 0.649054
5.7 0.599286
5.76 0.554301
5.82 0.514123
5.88 0.478777
5.94 0.448282
6 0.422657
6.06 0.401921
6.12 0.386085
6.18 0.37516
6.24 0.369155
6.3 0.368073
6.36 0.371915
6.42 0.380678
6.48 0.394356
6.54 0.41294
6.6 0.436418
6.66 0.464775
6.72 0.497992
6.78 0.536049
6.84 0.578924
6.9 0.626593
6.96 0.679031
7.02 0.736209
7.08 0.7981
7.14 0.864673
7.2 0.935896
7.26 1.01174
7.32 1.09215
7.38 1.17711
7.44 1.26655
7.5 1.36043
7.56 1.45867
7.62 1.56121
7.68 1.66794
7.74 1.77876
7.8 1.89352
7.86 2.01205
7.92 2.13417
7.98 2.25961
8.04 2.3881
8.1 2.51931
8.16 2.65283
8.22 2.78822
8.28 2.92497
8.34 3.06248
8.4 3.20012
8.46 3.33716
8.52 3.47281
8.58 3.60624
8.64 3.73655
8.7 3.86278
8.76 3.98397
8.82 4.0991
8.88 4.20719
8.94 4.30723
9 4.39826
9.06 4.47939
9.12 4.54976
9.18 4.60864
9.24 4.65538
9.3 4.68946
9.36 4.71049
9.42 4.71824
9.48 4.71262
9.54 4.69369
9.6 4.66166
9.66 4.61691
9.72 4.55993
9.78 4.49134
9.84 4.41187
9.9 4.32235
9.96 4.22368
10.02 4.11682
10.08 4.00274
10.14 3.88245
10.2 3.75695
10.26 3.62723
10.32 3.49424
10.38 3.35888
10.44 3.22201
10.5 3.08441
10.56 2.94683
10.62 2.80993
10.68 2.67428
10.74 2.54043
10.8 2.40883
10.86 2.27988
10.92 2.15393
10.98 2.03127
11.04 1.91215
11.1 1.79678
11.16 1.68532
11.22 1.57793
11.28 1.47472
11.34 1.37578
11.4 1.28121
11.46 1.19105
11.52 1.10538
11.58 1.02424
11.64 0.947667
11.7 0.875706
11.76 0.80839
11.82 0.745751
11.88 0.687821
11.94 0.634626
12 0.586196
12.06 0.542556
12.12 0.503729
12.18 0.46974
12.24 0.440608
12.3 0.416352
12.36 0.396988
12.42 0.382527
12.48 0.372981
12.54 0.368355
12.6 0.368653
12.66 0.373874
12.72 0.384016
12.78 0.39907
12.84 0.419027
12.9 0.443874
12.96 0.473594
13.02 0.50817
13.08 0.54758
13.14 0.591801
13.2 0.640809
13.26 0.694578
13.32 0.75308
13.38 0.816286
13.44 0.884165
13.5 0.956686
13.56 1.03381
13.62 1.11551
13.68 1.20172
13.74 1.29241
13.8 1.38752
13.86 1.48698
13.92 1.5907
13.98 1.69859
14.04 1.81053
14.1 1.92637
14.16 2.04592
14.22 2.169
14.28 2.29533
14.34 2.42461
14.4 2.55651
14.46 2.69061
14.52 2.82643
14.58 2.96346
14.64 3.10107
14.7 3.23862
14.76 3.37535
14.82 3.51047
14.88 3.64312
14.94 3.77238
15 3.8973
15.06 4.01689
15.12 4.13015
15.18 4.23608
15.24 4.33369
15.3 4.42203
15.36 4.50023
15.42 4.56745
15.48 4.62299
15.54 4.66622
15.6 4.69668
15.66 4.71401
15.72 4.71801
15.78 4.70865
15.84 4.68602
15.9 4.65039
15.96 4.60215
16.02 4.54185
16.08 4.47013
16.14 4.38776
16.2 4.29558
16.26 4.19452
16.32 4.08553
16.38 3.96961
16.44 3.84776
16.5 3.72098
16.56 3.59025
16.62 3.4565
16.68 3.32064
16.74 3.18349
16.8 3.04583
16.86 2.90837
16.92 2.77176
16.98 2.63657
17.04 2.5033
17.1 2.37241
17.16 2.24427
17.22 2.11921
17.28 1.99752
17.34 1.87943
17.4 1.76514
17.46 1.65481
17.52 1.54858
17.58 1.44656
17.64 1.34884
17.7 1.25549
17.76 1.16659
17.82 1.08218
17.88 1.00232
17.94 0.927033
