0 0.367879
0.18 0.390028
0.36 0.456338
0.54 0.566426
0.72 0.719711
0.9 0.915472
1.08 1.15285
1.26 1.43071
1.44 1.7473
1.62 2.0996
1.8 2.48228
1.98 2.88654
2.16 3.29885
2.34 3.70039
2.52 4.06749
2.7 4.3737
2.88 4.59333
3.06 4.70591
3.24 4.70031
3.42 4.57708
3.6 4.34839
3.78 4.03536
3.96 3.66394
4.14 3.26046
4.32 2.84818
4.5 2.44545
4.68 2.06529
4.86 1.71615
5.04 1.40308
5.22 1.12894
5.4 0.895407
5.58 0.70358
5.76 0.554301
5.94 0.448281
6.12 0.386083
6.3 0.368071
6.48 0.394355
6.66 0.464774
6.84 0.578924
7.02 0.73621
7.2 0.935897
7.38 1.17711
7.56 1.45867
7.74 1.77876
7.92 2.13416
8.1 2.5193
8.28 2.92496
8.46 3.33714
8.64 3.73653
8.82 4.09908
9 4.39824
9.18 4.60862
9.36 4.71046
9.54 4.69366
9.72 4.5599
9.9 4.32233
10.08 4.00271
10.26 3.62721
10.44 3.22199
10.62 2.80991
10.8 2.40882
10.98 2.03126
11.16 1.68532
11.34 1.37578
11.52 1.10538
11.7 0.875705
11.88 0.68782
12.06 0.542554
12.24 0.440606
12.42 0.382524
12.6 0.36865
12.78 0.399067
12.96 0.473592
13.14 0.591799
13.32 0.753078
13.5 0.956684
13.68 1.20172
13.86 1.48698
14.04 1.81052
14.22 2.16899
14.4 2.5565
14.58 2.96344
14.76 3.37533
14.94 3.77235
15.12 4.13012
15.3 4.422
15.48 4.62295
15.66 4.71397
15.84 4.68598
16.02 4.54181
16.2 4.29555
16.38 3.96958
16.56 3.59022
16.74 3.18346
16.92 2.77174
17.1 2.37239
17.28 1.99751
17.46 1.6548
17.64 1.34883
17.82 1.08218
