0.07973033782805894
0.30649265362485056
0.05909770377868373
0.473478926265654
0.14990399013246192
0.23665773401884227
0.026299625752428057
0.013522645984684334
0.5913952715368748
0.6876463932478899
0.211303215640398
0.24420455010737963
0.28328794229376886
0.1324685389645962
0.4800226195042513
0.09898148661971884
0.4556474387894378
0.38085165667866305
0.971824512888204
0.8949643581278045
0.5242218723182139
0.4931644647592276
0.45623197803277826
0.5642922515434738
0.29969836231105007
0.7287693636212681
0.24543666798222497
0.2939258104930088
0.9516830889498495
0.05878905489034869
0.3512810793335822
0.6350015830535877
0.4480499943490185
0.8619917217663318
0.8598011382715883
0.45311540667172845
0.29474270174985295
0.6780388308765432
0.34895277967745253
0.7528661515804601
0.8916755288783266
0.3003684245275402
0.5354520445264723
0.24865480930394424
0.009749050413976779
0.30030190057577544
0.5696044382655817
0.886001990065372
0.8701712325603276
0.2831071138680811
0.47193072670357117
0.9916689263212844
0.6744652971581195
0.1249765082627936
0.29548210313579915
0.9910948000882643
0.9943483816197438
0.773016037375287
0.6879743779923531
0.8283168990788113
0.7933688904078777
0.5407958547828527
0.16944503740650207
0.07446546178481539
0.7119184857636947
0.9101321776788803
0.6031416951516256
0.23460018626671364
0.040099865336439944
0.8713394661258839
0.8307476560941925
0.6273221797811476
0.5876630957005908
0.6507334288436494
0.5097759763748009
0.19321389117436572
0.4584666100569823
0.5003375577393563
0.6213091805364985
0.04346834455130566
0.6374471079384473
0.6293948366944301
0.7250946145140226
0.3681358922639474
0.9693868923976984
0.9670354739447878
0.5900763290670593
0.483633529353491
0.6606169889733148
0.44980920864069607
0.7969253719902265
0.43158178045791307
0.5483286221750366
0.24843992983867091
0.044886115721863296
0.6912459735581253
0.8979128087370363
0.4301790622606848
0.5631132362818371
0.3822079958167901
0.6256584464510423
0.32682800334837947
0.10214027486194721
0.21097911005283554
0.92642744848325
0.2875939125075144
0.8571389192729082
0.11277663593487142
0.9189949563891886
0.04987248897855334
0.9260185436207502
0.436303565776319
0.08752935345602453
0.23963379365320714
0.44731438225819575
0.4628589239427797
0.7204319834341173
0.8250042599637619
0.6682214879049669
0.28694850472907507
0.196500275465179
0.5942065234737574
0.481450803348458
0.5993809273644793
0.902561868785491
0.11199547408822197
0.07144906025684716
0.13337794927031132
0.18124839930346448
0.32188644844302106
0.5563017155241703
0.08528929013469688
0.07538020209971052
0.1466652731975009
0.541687784407514
0.450543826705043
0.6083249475009911
0.7750417893444594
0.0378396763629526
0.05661707005578076
0.5724041004832984
0.29835012258325466
0.764829108462388
0.07992985927368568
0.2467174651423497
0.4007600493881831
0.038863344277227374
0.8807061197020549
0.24951876458208233
0.14843543090283162
0.3673131409498084
0.8748907493145106
0.4580470158895962
0.9075329273851297
0.4595103116165963
0.9744985098204769
0.21667447882780522
0.03677077553264663
0.8808859876422872
0.7351434369516797
0.4495431582508157
0.5427163046126184
0.3448931834274086
0.6435890239167976
0.0007389304191072199
0.6408311778435424
0.761953458775313
0.24094285319698794
0.9932314406375966
0.633028228428999
0.8075980929446829
0.47188042054394375
0.05195025390396979
0.22789850048140148
0.680744111011876
0.3479233066201297
0.7443015149477469
0.816969559845054
0.6316601799480005
0.8508707613118267
0.1478280371355053
0.7927809126700708
0.9053465307391565
0.5362856151214609
0.6899206803580585
0.9667331047459851
0.7370239880501217
0.8394791062222915
0.6879479518633804
0.09007959743649385
0.5963154520147905
0.7077465385977182
0.421479814883191
0.0006872417141843279
0.39910348642767635
0.992170695295483
0.4976457626904398
0.11725987245149849
0.09157400419272277
0.25496214611103674
0.4838325654880318
0.30393450104549435
0.7818872399221687
0.1439061119794861
0.3666987811602399
0.5342081937251004
0.5397688077312083
0.5103306039738483
0.32139799017358317
0.19800063278593028
0.7315687960529041
0.95797957240847
0.09943052339569325
0.7046680360414734
0.7043959680781273
0.3861396858079701
0.4250078122033826
0.7119955305531911
0.6301177631992797
0.02057453249419816
0.37280839405315636
0.7076562988216583
0.7371554268954371
0.8716410956339203
0.2607687244414797
0.9184217841242219
0.6217218015689872
0.1801761886153841
0.4005892107046396
0.3895629103497731
0.9435558583652687
0.7270833605702295
0.31773962410869505
0.24656769985786353
0.09079175024312125
0.7053112822599027
0.8826875845918211
0.711419330632168
0.6079236961352968
0.38110432754364176
0.8368048649896985
0.16832050885269023
0.7586327999494072
0.2377613316561903
0.48189752202384717
0.11639373056471436
0.9219582124163775
0.9010633279749272
0.07809127323172782
0.7629418400649791
0.602130291716035
0.1572113140751068
0.5256435243816994
0.7094020760729253
0.17140796406741754
0.08799445655741944
0.7631066808360012
0.026073471609673993
0.6121289629149803
0.2397001669514982
0.4494412571166626
0.19978527740272878
0.6298831079110561
0.9817823151330081
0.583362637788364
0.32999946021343307
0.2778694408534643
0.05454764109554089
0.8353961192227808
0.19476307365989076
0.7348524455954374
0.4923088501425241
0.29484421520610504
0.019673294958499454
0.15683525691528666
0.9711844442353625
0.25131170237745226
0.08285369324516068
0.6231958943249674
0.390694285037395
0.7422558405561728
0.9498028777357064
0.3680453432973315
0.3895746208517463
0.5569452509415048
0.768240853452857
0.7430875295318581
0.1012763009711446
0.06261331536642001
0.12513142338579997
0.1836814394710844
0.11258364148182398
0.1981818213421509
0.4811342205317236
0.11843550466801966
0.3268631897851526
0.7093127291557685
0.47456347816340716
0.6075905907561532
0.8768709943573512
0.4774777934514549
0.7766497688935738
0.33705902149083866
0.4595088765591381
0.7515716252258429
0.3054909944363303
0.18243415015951092
0.10320783603666706
0.32933667190087423
0.3691752515280865
0.5535770168510169
0.758669411890527
0.509670358115391
0.4047335303852626
0.9779027021541445
0.9902398583888115
0.008496421158974754
0.4930698126098979
0.039888743393106885
0.18780510546925544
0.7213784060234216
0.014601961357912474
0.4060474513983793
0.0017729086423475815
0.09564739986981174
0.6676453271163207
0.23630853712834643
0.4461068533774818
0.23060923066922945
0.2232746115482166
0.3950704469257239
0.9337774065661305
0.4382514341903241
0.1166600575640826
0.12257876701148696
0.38088230062510564
0.35272735692579693
0.32428782730994576
0.015516357685319004
0.17400629713769733
0.23785278442028468
0.38675251413111233
0.5362965119047729
0.4841785035699936
0.5311208371633241
0.1751923553147895
0.7354519719376598
0.40015218543881215
0.3531171594235498
0.4151891895417489
0.39423337426643057
0.029593271407075128
0.8534491998984142
0.6145663754514833
0.28560420156329913
0.028357739697384976
0.297852560215611
0.0932609925573189
0.8576298411026446
0.4076988566233528
0.7713085860644234
0.6895665700629564
0.6221158594516991
0.4881325379742728
0.026345889405549716
0.011188265497207528
0.19974405144288643
0.2131896548897534
0.3310089855060454
0.22201768857174553
0.8262924845892785
0.5931816806852118
0.20391537554805017
0.47578753247394334
0.18880478888132124
0.08929241624759221
0.8714391815488116
0.11155471745087897
0.2527952751331083
0.20930285114745795
0.5662268241287167
0.22049137699148602
0.8734822708356113
0.19730646316673173
0.37875573261121176
0.4421767604736533
0.7797013463911213
0.01891708578560436
0.9202523092541398
0.050098809970282154
0.23435088802477233
0.10340405380604578
0.9050204672398932
0.7911905540273049
0.8710093204240872
0.6204331074046355
0.5671953690738234
0.32724943742255985
0.859684459250493
0.12900677062957877
0.7301978153453271
0.5733850754043066
0.05860334926464639
0.4939160574078718
0.6805381112956408
0.6711880375894287
0.24247050492173494
0.04185269787659052
0.6836469398996994
0.25565836057732694
0.8740735293036149
0.2702217051157191
0.5195149467692798
0.22011265601569596
0.343160002450578
0.24741815772729214
0.9322100287265629
0.6386048285876622
0.632163382543136
0.3207346418144488
0.30607513164169997
0.22153765052443097
0.5296892706611196
0.9420661826388179
0.8204533128836585
0.552567899925709
0.8840066650711702
0.440880533871454
0.42890169875623163
0.04741900064875482
0.6113500280491517
0.07101127903074156
0.310238670170359
0.5946553955344057
0.5667234134190534
0.6032806494260479
0.5067608808185897
0.5696256516287422
0.15164688047601338
0.7273788483523317
0.35420596329600107
0.09779055968571526
0.15530623003248734
0.8795317735791867
0.11766773557921939
0.06915225049172236
0.29653344198339215
0.7117349964103884
0.4269476024313472
0.6010081622950492
0.7290874871305466
0.5922023036065494
0.9327663982650802
0.9067205476754492
0.0785026558095625
0.15285796698610454
0.31770587856361443
0.4160203100700338
0.17868544185973156
0.5953405606280991
0.01453403896206018
0.14962072441209873
0.8366018520821064
0.7427398389564687
0.1624706939712488
0.716949731657505
0.6271679309930984
0.7430984708571341
0.14681710796240666
0.6893044019999406
0.08062651036351032
0.06546035205396716
0.16945861155950903
0.07394568396303991
0.7948760088183857
0.2562485013365473
0.4523176317163038
0.5414222950836786
0.17053119947687434
0.4370536920587137
0.3498362612344993
0.5119107703752235
0.8341387467106548
0.9540692138379894
0.37150167680011736
0.721201880967669
0.9395476983238514
0.0613469350957746
0.6763916834624623
0.4628705104145261
0.6723776329644587
0.9429399182088625
0.7560106813497165
0.33484951680635777
0.7781830925566349
0.947252781680987
0.5965548454743428
0.2938848826565126
0.3038456103868401
0.4739853267903398
0.6695929147173363
0.7238891646495482
0.3199138175263526
0.7350373323602261
0.7447922295745991
0.25877223710033603
0.43553502587174786
0.31503569679718946
0.31407425415993495
0.6571459847343374
0.7111017557275288
0.5621604406493381
