0.0344120033906381
0.8087060593173384
0.8108474988928162
0.4538857949592052
0.7926500292633428
0.27200654807257507
0.9985628077501733
0.8743968499820378
0.11742733531884542
0.31042343566935116
0.20998896236237052
0.7571432276372406
0.23009408375736395
0.5203475420525475
0.006727517193379495
0.7796123531035264
0.40041115876066447
0.637610039062193
0.5462984694390286
0.5750900865738181
0.9780552676471194
0.06567143689458521
0.04683927691982881
0.1721799060100233
0.6907781191212228
0.42685737109527555
0.7026048467740006
0.6427797297248065
0.5146279679801169
0.29620350317909094
0.8282525060022468
0.706830004226943
0.5950563439232034
0.13620370320022046
0.14040699380225596
0.787345097635935
0.7857688757153104
0.9851970532237079
0.3245689057355925
0.01753897320233888
0.6890771985402436
0.8089123873261348
0.49543247140693214
0.8855516297421413
0.6215374232660071
0.17510150455458973
0.00676078802901714
0.9835956832556226
0.37790847836576824
0.7702502891223203
0.24121603786204848
0.9873381640431518
0.8737396449922722
0.8917715986251019
0.7677168045655592
0.5785652871737476
0.044912708650526434
0.8419677266038261
0.7702700083975882
0.8682350770872566
0.8809376150642628
0.36399066177412565
0.7061007387940081
0.7891964905175396
0.6848930831590562
0.6056751879615747
0.17350343922503064
0.4676334161661705
0.537265255187711
0.1840310783742074
0.8642958411246179
0.11151994033717172
0.919561402487876
0.24795290792129054
0.2038694509320348
0.083565396732323
0.5978227795043463
0.9804640475590074
0.03579300767880955
0.09223126978660912
0.26612226412671247
0.5232199621279489
0.030645032096039415
0.23413263889874203
0.7505520447888465
0.7442674181207947
0.6855431000540165
0.9870436808346095
0.3744089622542993
0.24375062181738638
0.2761675464064415
0.6201117447509942
0.37391246296652547
0.9303872641309816
0.08165568669256273
0.6578380306642994
0.5515849426464898
0.3941837896825884
0.10451144829100978
0.7580418158037495
0.16936482805058461
0.11126425194572842
0.6805851736555794
0.8818494502828769
0.4680849207480512
0.3707145005837795
0.5692813777940519
0.5141726202205054
0.6260578650683025
0.40902514493477105
0.43034621538261864
0.3840610727524262
0.2589500900153314
0.8151594489557779
0.4253689703023851
0.51562851306117
0.8013479488078866
0.8876214927691124
0.2770555049060217
0.8125732658873656
0.17581144484130196
0.3942893803629248
0.9651817540469818
0.9582794763169544
0.7554505527894968
0.8115153160822544
0.9950928859778988
0.8583064923990698
0.6545625395661133
0.28846906190488175
0.7910945881685995
0.19964431146702788
0.7510302484773886
0.4930453171168937
0.566842401285742
0.8559462423278484
0.9272941108346703
0.8645147237237897
0.04084759361686141
0.4175130535196593
0.7091329455428295
0.7946835222447781
0.17954360191994068
0.04775718916724614
0.5800593044156671
0.2635686057247676
0.047937267072282186
0.2636567413767664
0.09684913236782144
0.23695392455075992
0.9614705459385797
0.6489816808335235
0.0944320592089124
0.5790670820688655
0.7227505558250757
0.19376173254693685
0.6898351936243282
0.9832145959185672
0.3884287210948145
0.1910190549740881
0.4515578031661992
0.34228907946187115
0.24347190561843346
0.06706393216567397
0.7574368978875868
0.794656348488854
0.5885204386759698
0.5588819918006764
0.10447559697399611
0.7836487889631827
0.3189554398164385
0.5276427186796403
0.8259513659907997
0.584308767660087
0.8842569190552374
0.6209625494313156
0.26561766852085755
0.9314096859936004
0.9504146491158187
0.3578123002368112
0.5045330585002786
0.3020861892651915
0.2587752990464691
0.8560127514818384
0.23860749542055026
0.3523572050340972
0.2232018457069045
0.4059889810306794
0.12095045199777466
0.4310843945017282
0.7389643768510537
0.5197846735367365
0.8237287061939266
0.3311160853437094
0.3042652560181167
0.277373845736843
0.800902782672936
0.9650005089894123
0.4999177523929148
0.807857734958019
0.7366503381999673
0.25901576468811305
0.8106547648930598
0.9619065633456155
0.8854009562996932
0.15283106783141465
0.161307580219072
0.7157747868794416
0.848100019905691
0.3438365803852246
0.8113093330410331
0.513950485271427
0.901918790632383
0.7353524969180539
0.4717625566537105
0.835475251726439
0.9004536462868342
0.04331739130528711
0.13866000148109925
0.03507422388060155
0.059657938517600706
0.8962849375909085
0.24964143637147462
0.3370156689956485
0.20781638805038583
0.42541428610849574
0.16431663544405906
0.10034509876787578
0.7398234645974407
0.5208146562992262
0.34682595828103724
0.8350011912989694
0.7298924738939144
0.9819195226412047
0.9719876731515775
0.05498387414714356
0.6364622182208818
0.7099862800958335
0.786552016149422
0.8505837772227386
0.793635167934126
0.5295546104714328
0.5600896966020262
0.6275708056240727
0.4459638602563658
0.6373044653549611
0.08895679775500898
0.7882202102310804
0.8204906252197054
0.9488825274836005
0.17023342746512482
0.9732060445537729
0.3241409952907758
0.036284659341227155
0.3218171376200516
0.7563529691572197
0.3721999947848479
0.9179381109256086
0.10477203880937147
0.6981327461172447
0.8694135262492207
0.440207041339451
0.34914283847050365
0.49931180564911726
0.31522598753427555
0.07051667922096316
0.8859006597439537
0.30338739342408505
0.7279258706790449
0.5938017961732691
0.022112517283431776
0.2732116354491483
0.8366471002336356
0.48208487409830403
0.22837637880749162
0.9131118849384847
0.3609243806430784
0.09684059557360503
0.42603449913596225
0.8104891849194489
0.08249669404063542
0.9445018791682546
0.3170234891269682
0.3030712217754086
0.08290044724840473
0.09085854527873949
0.6064763318148436
0.02431394525294117
0.3143011935532608
0.7319608609810363
0.7504873250804255
0.8958391136310714
0.903238296575695
0.3970312016527272
0.6080768230519952
0.8645179718038903
0.5430744115367966
0.2051452240005921
0.9064926412757459
0.5631962610222271
0.29176081794234243
0.4637390161793541
0.9573480968920896
0.5442340695484357
0.37197876063823343
0.21350230566501815
0.8395142701528694
0.6084987405919778
0.688351677183996
0.8483647293290263
0.41695183139219516
0.13768154447306402
0.014981822756085506
0.599421588047589
0.9010716681198601
0.24363323309744012
0.5567083052985633
0.4333147387965637
0.6850315662638409
0.7845857450500096
0.29761864804742555
0.3851538790042136
0.1489932596376633
0.16578850732836226
0.3417619679903293
0.3445249279903002
0.3797670435222652
0.6308337568838537
0.0518885989443032
0.7000428700653557
0.4065183622910502
0.49322320304315814
0.3956494388062026
0.25020027076603846
0.20511427236589097
0.9802702469999478
0.23310326359221134
0.7374920837280834
0.6005276447383631
0.4599120179108409
0.15319697440430546
0.9567329867329686
0.43881711573038484
0.5756593658338388
0.456159123590541
0.062454915813415
0.48114304877318703
0.2501190614656239
0.854492001485993
0.803260860094688
0.3616975322706606
0.2794184664855649
0.2818909784337701
0.5827497212734691
0.39399168053093114
0.0945014766520339
0.8689537300810946
0.7726133439557153
0.362696165918202
0.025026229392063226
0.9683803291204155
0.8870933155581885
0.32106256508675535
0.12222570770521313
0.6807607437417645
0.2951274267790007
0.7010520781697034
0.07969974550237668
0.41139169123353847
0.8166119367691741
0.26164871041707705
0.11864576342863797
0.9374658284001247
0.996858936410473
0.8829672104780498
0.7960352541525826
0.38464337731734255
0.8469917556972709
0.26476502678195546
0.7810812029357422
0.9468055197110399
0.8574123625490875
0.7439655453310087
0.4947978323451985
0.2700424868110931
0.27204204701822143
0.5967345619681154
0.6851397170306821
0.9314347613894947
0.24503722423888707
0.5542871464453312
0.2674996778092352
0.23169522922176178
0.49732918001998483
0.42045228274022783
0.33467505655593766
0.70766428758748
0.5499998806978141
0.9050987606524525
0.7762804306477336
0.00701155907368145
0.1880028150120353
0.2981233099002868
0.6426910247562341
0.642893746716798
0.8025921314993074
0.577311726438352
0.6596827842989328
0.45550021152646125
0.17001764816849108
0.3455112994890276
0.7810851976329977
0.8095327333645761
0.03631891126599718
0.611820642641404
0.6501139996171502
0.8010334156668488
0.04769818940339343
0.4097710972972539
0.022874636324244357
0.27405629393343645
0.8467813586334472
0.808884239120947
0.6361288687184392
0.3415925285569369
0.35359459180548203
0.6772209748677585
0.0009845783672767228
0.23210040393431874
0.6361925158882402
0.10640397294055803
0.5366535809821097
0.9622407014584425
0.47896295916544007
0.8654371742301972
0.9842280818205242
0.9575224363939508
0.7496838495389777
0.02215802904177988
0.28824998086362386
0.8642231384064036
0.46048969884125046
0.7408326315297116
0.6882818565318866
0.5442347934233783
0.8357173261941235
0.09837332951501288
0.6572550195959527
0.5160644036573209
0.9244928341398739
0.9046015764027279
0.9832533543157627
0.6141780918091504
0.19047201195718788
0.7267766972852235
0.891061953021719
0.38489415198338284
0.15702365149334585
0.40182299646308084
0.20575929063857223
0.8899066067396821
0.32710364926566093
0.5917985918236529
0.37794357174890647
0.5211201805287626
0.8434505640960771
0.4188841350476007
0.429235413251276
0.07457988260299286
0.9801253605122688
0.7601440180915267
0.3049771528897931
0.9549775233581541
0.04194986353394836
0.577213416846699
0.9828694243189235
0.884932073938419
0.647384905476028
0.024956365217787546
0.9548421389272275
0.7938173632109278
0.5168275627813268
0.4870798505038857
0.29628929962262884
0.40647599352115793
0.7518503085889056
0.2422075486191554
0.7159517940830323
0.11872662843818704
0.07359581961982409
0.0591484303106069
0.17878633538406086
0.4899468700513251
0.35042852276104075
0.779312939885992
0.3201970418658874
0.4124459482836841
0.21289895077622079
0.8811377109856873
0.017895137596177446
0.2476454805243955
0.7161597711869616
0.2354417790604103
0.8074672297953827
0.12622457110527652
0.881514178269819
0.35290726909269043
0.1966085327001834
0.004501261206393381
0.711087930017295
0.07839784304097075
0.5619099220222971
0.5725005577779289
0.7320426937706872
0.7105615751316067
0.26135234197447177
0.7479575010862208
0.10835537527973327
0.9382686438283794
0.3150343980173188
0.07769218382506593
0.46820638695382266
0.003122848356342356
0.31778215821796474
0.03523977043777893
0.5847761653668454
0.7723391668821932
0.16265613742466067
0.27604556792791557
0.730461381556101
0.0010525684642768152
0.5994458194415538
0.3300659851344737
0.362234838519771
0.3810763876181512
0.05129474266268186
0.7949858052113195
0.232945629062018
0.2840192804536299
0.7309002244709997
0.5722962651055351
0.29134110565679516
0.8757319198567666
0.16221106008153108
0.9346700648319476
0.8427936622663221
0.24345799831523607
0.4673688799629194
0.23408173029524615
0.9273496046397185
0.49322713728818113
0.2339655222609811
0.01829340789342404
0.5772982423815676
0.36744045704840456
0.14393032626486513
0.30579842257121137
0.09992828315954039
0.33563093189329163
0.8462358056559686
0.4375711353178001
0.13903889841536154
0.8459717736981628
0.35643140793081685
0.43738600764722857
0.2666204849413355
0.3818800419930274
0.7590834895295425
0.14287231487231644
0.9035410855302503
0.05183893643841797
0.9081847238959919
0.30127644707725665
0.8919094470350375
0.9819663289542824
0.06586384237739196
0.6240049177975024
0.7620208230603088
0.6215956736761977
0.9227499075376757
0.9786386352897063
0.5783877449316226
0.8749428615536045
0.6094647928485281
0.3989528334253829
0.8877819331441178
0.0679129141567153
0.2177080177823254
0.8501925361777316
0.8607698856226061
0.43309127981418205
0.9559814685892016
0.17097598863996322
0.731097566076624
0.3721822622256691
0.1580212644250295
0.7227719313854144
0.4736048722195324
0.3766000242206117
0.37267609967785054
0.5765955546222864
0.5056389409260753
0.3669882372728658
0.036294870089864095
0.2004376361359591
0.9385393356492989
0.4532334660602242
0.8839512698078118
0.4861503132725953
0.37496581362426373
0.9428976930197542
0.22383142978932236
0.13414596941334578
0.7035366069293534
0.08399514831494004
0.8904945788519528
0.4114289773383176
0.33404151344019684
0.6113469213071744
0.14514763489623894
0.7242498139691848
0.07131187737528011
0.785951009813072
0.0723891696154022
0.02908575570826688
0.717149953801886
0.2604803714380376
0.959682011817496
0.7143907120261587
0.04992230371892137
0.9877491571054804
0.8019383385421326
0.30404955963305724
0.9747476768973233
0.7148358778279407
0.9552347155592865
0.2858816885680968
0.06313435066580453
0.10749327957726507
0.7703298219615605
0.6435855930991539
0.39047115665301646
0.7690477465160911
0.0998080083131897
0.15584959444134228
0.12919051046362906
0.5970972905540328
0.9007162624369627
0.6886230854636655
0.832456985903397
0.20574017365457775
0.3182278151898741
0.9205876188154293
0.3637389681713956
0.7935836384899698
0.5701202268007943
0.5415005967366792
0.07985527179124263
0.09441775694868337
0.23113738341413137
0.7543875840622899
0.626936141861049
0.9372986566918365
0.6061078914343154
0.10697700331608417
0.3132481014925679
0.6575508537620366
0.8854172956754628
0.19617828944795268
0.7290332196348775
0.755002698287337
0.5405473492975221
0.00583590956106117
0.27948741418752165
0.2401456788897035
0.20251342697226193
0.26580764679176727
0.7482259308494127
0.45815865366053354
0.38882376631433024
0.34146943454775514
0.5281870514801199
0.8462070414118966
0.40116421616439235
0.4663504836640666
0.16730675938595552
0.47194856934905227
0.7913815289528328
0.09594635814776187
0.9863655082164189
0.804885071641906
0.648593398363115
0.7582600370988077
0.4833968552798018
0.25780720934531376
0.5366189390045267
0.3469728962787493
0.4364373468644037
0.3302278753486907
0.8687253319251048
0.3625237291687132
0.9333722954103182
0.9649699076608157
0.854286508691056
0.8767355840408974
0.8558258634349813
0.44213762765304976
0.6102447740101165
0.9137282679301739
0.9907355489870108
0.19276328928009379
0.4707377258153904
0.9655576861534418
0.09447085712676573
0.28091067335475783
0.8372858744579105
0.8679872482170904
0.4088867252025701
0.36130405068145566
0.3934028840934468
0.5194860387860363
0.7284749622477106
0.2641360289475493
0.10645310703052735
0.7657941361896824
0.7473961396845631
0.9871109762244088
0.5279700776811338
0.29465878026359216
0.8866279732062464
0.9114164169747432
0.1290362178605472
0.6720662647284751
0.163729759842567
0.12337876644945989
0.009938199244590717
0.9296382535648444
0.11709300170983938
0.4522470249443673
0.8006622798852169
0.19210825665627873
0.5001193955714709
0.08707946124648658
0.47625222405108636
0.8431414826096467
0.48328986094884163
0.3545897307437337
0.7294432945800509
0.17547732115487769
0.7901512135501878
0.008619045952632742
0.2341536493659332
0.8933125628578851
0.6394821520748676
0.6358312877760104
0.36268353319600677
0.9689455888517703
0.6559484948516754
0.44693258646648604
0.706741654192933
0.9959709232943296
0.650058339106173
0.45335590762470956
0.3558641792881677
0.8522131719563237
0.6055676908706458
0.8252054558764995
0.3881885597832635
0.7168191968368414
0.9493992782503101
0.4956204637658811
0.5310378175212036
0.9529814077672722
0.022448810974974087
0.1942865661641704
0.9021197731996374
0.5317532121027055
0.0826589583902384
0.2526776554531983
0.9771093936482614
0.146961401575591
0.4255030514964132
0.23729163784568008
0.13051383106277126
0.7362190547844725
0.130199401573607
0.3643882950936018
0.6131380878445337
0.30678478668734066
0.9711123207087677
0.9385796159959264
0.9828950010715343
0.9349457007400955
0.2498736970033183
0.5649324236429635
0.26343073465850175
0.7549131152789492
0.17773295547687962
0.8757059549985551
0.5489072075789272
0.16113277291021744
0.11764571112404876
0.42498480842796404
0.7729510854959561
0.5634297592896138
0.9167202550748944
0.08107905976694862
0.21435769757553502
0.14196143349485435
0.22025730772891328
0.2598836883098071
0.20576822083569402
0.24926743494142867
0.41123670425913705
0.08681904894367731
0.8195808527910324
0.7555914070235706
0.42801432368811054
0.6458132480204962
0.45796830720787474
0.25799259103247774
0.9513149248215408
0.7864778056077552
0.2183831591976153
0.5495681342173598
0.7499922258101185
0.8046261161766513
0.0708427829472813
0.8723316584471827
0.022296245766007083
0.12445182896433038
0.5488057770844179
0.871530747625933
0.12646705496778077
0.275483924763559
0.23411337698978618
0.06960309159148736
0.07065209672351824
0.25814766383383914
0.5956208727623683
0.27570714686917974
0.6577950503695916
0.836296261715583
0.706718294312686
0.5078039854072752
0.2749360779389909
0.350376997768139
0.007828172750241391
0.6182814560161163
0.3973281572254267
0.8267326029812281
0.6889729846492809
0.454986872359456
0.7195973964181078
0.3030310788383148
0.17833302694232
0.3223341010935826
0.04838946139519795
0.3163901526194217
0.5662132901131525
0.5955229867113174
0.2528496310518151
0.8481126961203505
0.18838105388886695
0.44393443171711955
0.42151200607218753
0.0418965928019982
0.23109470899283946
0.9562770747114245
0.643755222821524
0.2963933685231741
0.31857184623517876
0.3389855414828309
0.2508306576496889
0.3999284785670326
0.6746814503889609
0.15879697960073125
0.33849838621537487
0.37629587822284516
0.4195297508901854
0.15613962647554058
0.4554247929900126
0.9586308383461615
0.0786636390667742
0.3011075214758516
0.5400539106305774
0.46203446573741236
0.4229394871329518
0.8083413670718567
0.057197216447199106
0.14348042530959404
0.04673394819544896
0.2719501065721346
0.5511795791103828
0.4148226631837757
0.12740109536444122
0.18592291859600085
0.23210555006685563
0.537432557178616
0.002792609709223348
0.04231422489905623
0.8372250583321365
0.05390789115240335
0.3159987624973041
0.9375242219573285
0.5946885457472485
0.4744170727032574
0.9044960620245044
0.7998615548533808
0.9948085150962286
0.2218229562531513
0.5137873584812528
0.7513789502473083
0.9740314372330885
0.22324354504140376
0.94202760484248
0.08077960289192443
0.6056306236165176
0.6515537775782343
0.429814908022325
0.563794189571431
0.4738814473996079
0.6567144913359916
0.01855909486603058
0.08296812276801013
0.5779385453062178
0.40311946544181376
0.5829227770500962
0.9574652354793554
0.7785470933737272
0.7929134920715709
0.6771738807518263
0.5492081346105989
0.36301369106396775
0.9302040170468199
0.14496670049367077
0.7064049328604666
0.5429102685298735
0.8684858839853687
0.44644063155690417
0.8539335766381587
0.20005426156730344
0.26166261970009597
0.5468225361735433
0.28658346257499534
0.3425480216212634
0.06847091567498287
0.1573222394591992
0.7948936047821725
0.0055755863990475385
0.7407181785160343
0.4330788666581392
0.7606774113348083
0.6828030294824347
0.5987538415882877
0.44395920971772174
0.08143227911416562
0.754792395877531
0.7509130273031946
0.8360212474691798
0.05171848092342035
0.1843270796403157
0.530740144426642
0.27876356189902873
0.41419348891229635
0.10940006122289092
0.16344125939237675
0.565776849583779
0.009311628895205759
0.927356323799136
0.10402795764312545
0.014522653844717404
0.20898860056903878
0.07698048745941266
0.9301031092096064
0.24183058167503824
0.9707922768914984
0.3460941726651606
0.5994232812421632
0.08387186179760786
0.889478842867373
0.4679803697756739
0.826247895417838
0.03787677379594456
0.49235018904443695
0.16093347771768562
0.6581171787753374
0.0008397385246239342
0.6422101262063884
0.9962999010340018
0.7545523208801893
0.9315764871900171
0.5943068786231647
0.14844693014760857
0.8922517083118913
0.46411709089815856
0.4327233504796315
0.21489221601292208
0.8540330694199908
0.698397714574642
0.2043716462447801
0.5007782568164139
0.855216647272102
0.45268166973340795
0.8525245104008751
0.2733884068902678
0.6609435197506544
0.38031654081121313
0.3260036299645037
0.0012059898837251115
0.07850052238435445
0.7541567152079878
0.9385829722391247
0.08639381838501436
0.9836719460808511
0.9316154039343182
0.6833257779162925
0.6855770883535831
0.8224925096560965
0.3797665643785133
0.4291046794429605
0.7755095382972839
0.9041683823817263
0.0903494868509992
