0.6280595229370478
0.3695078449481113
0.9013234777386996
0.21617753516683258
0.8848486230916023
0.6237552869796736
0.3781094745855479
0.7994894472744115
0.8285093199212527
0.5605521464209847
0.3479511272138701
0.6789566064943438
0.6412294378331201
0.439080021536003
0.9518924122365279
0.9518252786534628
0.20692569874458577
0.93245211635133
0.7663870338041262
0.5228591326616666
0.3818104031511306
0.5236487190855329
0.5264550776807995
0.45062993877587365
0.1684972056540297
0.5481046294059055
0.8780056635418735
0.40701072853717435
0.4974918923324815
0.6085607264447075
0.6026135081371228
0.9397151484020614
