0.6039811966005313
0.32563210720937497
0.6652611148610067
0.2906221712468754
0.789511994073687
0.973963880028942
0.6389257834395227
0.6922406176688409
0.9806331208572076
0.8264488584220628
0.16531070358220534
0.16143791020427434
0.8944187123014723
0.7529591330327983
0.4514170113873015
0.09928860518108773
0.7937528070589017
0.14885816225342374
0.9782276079259773
0.11371854536533155
0.6961613419299084
0.6226178538481474
0.22789276925749924
0.21833667310174332
0.3221899727444292
0.2158368235184246
0.7173385155494715
0.31137801104090956
0.9256812927226666
0.7313407866083268
0.49599994310728057
0.9272654420584785
0.9894459609235375
0.24960851635568782
0.14116608776740946
0.9203113414734239
0.29752920239784364
0.6742118530511939
0.6888542755006358
0.5364217930182391
0.266445622829125
0.6330128469737881
0.024150173585565704
0.9074457528613821
0.19958652752092476
0.4103843918576061
0.25393089129097335
0.6459923174562279
0.12466829391787893
0.8835685372413751
0.1275184384610285
0.6603528358580631
0.4479348168515007
0.8599773309895976
0.03357714149436142
0.5113510337573491
0.9093697071090442
0.4736732910893463
0.1786063372373634
0.36104157472528864
0.11042063704630489
0.7395818394270108
0.5864467476229726
0.10035552657000735
