0.2844170166333201
0.6601064278478951
0.8538498407769841
0.010217023954014137
0.12697177779499036
0.5784581998388583
0.1695104005147483
0.944943366877207
0.18740471316148433
0.31986311876115914
0.43994470400683616
0.10744055492207782
0.44576352943188235
0.5636297850714311
0.06526267634217653
0.8866448114730967
0.621118100024633
0.48124928091624974
0.8211065724010103
0.37653340827779913
0.8084838437430296
0.56917225431388
0.9973386205967442
0.34342038794459717
0.8316461066563037
0.32019265666317986
0.29099325168003576
0.7683868520178454
0.7487199190784032
0.8709547129361127
0.6596059775243831
0.045079627476513506
0.7086421828985542
0.4644509708587615
0.5843437186301796
0.5048161292460429
0.574680984935331
0.26088473578577076
0.6188284157905428
0.8537144599306791
0.6398331714929116
0.39992089255010754
0.010673520116307289
0.48070178310913847
0.26560655041252057
0.9516431759253401
0.17648992897098947
0.6278242778169083
0.44081590118170166
0.6247418828441178
0.49288284768375057
0.8378158691929228
0.6092842108729717
0.09019969624600777
0.015466350159861753
0.1854477127412012
0.025651721049270715
0.8222197483107375
0.4368790907240655
0.7757449392950237
0.0667653508077326
0.8173808995001819
0.3035856510895215
0.24150850408949442
0.9544012225287832
0.38127887464302557
0.3395795802214152
0.7593338104260615
0.6615913329101374
0.6712911181225886
0.7693226522275266
0.4263255957433867
0.4770403328694014
0.007296675554939291
0.4848846597204691
0.29556953393789487
0.20320798248119076
0.23470382053648609
0.9292543389477309
0.8290786681097962
0.5275652208129423
0.10486530935069405
0.989263424302336
0.8346111904101677
0.7422422972030933
0.2631332894370978
0.9780967332038476
0.5660012068767143
0.0572299768691692
0.0617938368007499
0.9626007490822888
0.9081985291110066
0.16802776160929378
0.3742370287105302
0.532118150124591
0.3794255572610714
0.48398308119192
0.5141127596452655
0.11867898853171199
0.26343190891467383
0.665976605293446
0.2867613351380669
0.26541174978331517
0.26707615633870563
0.30161646934800757
0.8401011564714232
0.8407979998741442
0.4619653251144691
0.6188497923557746
0.221561449699319
0.5138332805693065
0.1601567846640245
0.1899478472060261
0.9267131165703612
0.7521732975022867
0.4425797888520697
0.8868655638849243
0.37843686795132114
0.03979938622960266
0.40101007514859277
0.4725029179925695
0.5153214470570636
0.20310344915130352
0.09913085681066636
0.05995162776362628
0.5400194676051151
0.8702936957006776
0.8486586024637058
0.6218480128804965
0.816838341386813
0.765987080952363
0.8697230405023206
0.9296626945519589
0.06542324700424673
0.8986396780368535
0.18690235082652518
0.12351097977597936
0.2810084461998672
0.5894194172462066
0.9283319069805365
0.29338937415525657
0.308320538499566
0.006162271820966847
0.3605105343325463
0.4084245740226129
0.690653480090819
0.7863436575323605
0.25178469122668834
0.92417764914536
0.8732324401894492
0.21437945315368256
0.73379678182312
0.18106121887018956
0.013678381155815877
0.5116968668631909
0.06126843293872053
0.9184879982038424
0.22334264573445795
0.20812203634319848
0.16098593756504698
0.9339218765299963
0.6263793380176185
0.36615429606270666
0.8846128273233425
0.7016636044087021
0.319389883412764
0.19757613991670708
0.36313351739528654
0.07278417786706881
0.13725831138264155
0.8714428771938755
0.8558428883527748
0.13238287302797502
0.5453132607624392
0.017537995210407553
0.5264871786071575
0.2664694383179258
0.17768084108244397
0.9896952153433755
0.5147098445059847
0.18813249113363606
0.7646875702051105
0.9457922585978018
0.1905014587396664
0.7102937173337013
0.4469412717812712
0.0031883212081180723
0.22722945846201092
0.4827634610561933
0.8250593551744333
0.9895053579881803
0.9383008689871394
0.37609294484783407
0.900029178259011
0.21974494942164058
0.05761224095625839
0.08378660175196972
0.27724167433400193
0.8325076477942488
0.14381591202178634
0.6806058624844128
0.6182038400565071
0.5210381379745418
0.8099766701911133
0.7697465341120143
0.8354600456257615
0.5391144791027627
0.7166572051091527
0.24611603083932165
0.28474200967429186
0.4765547036894118
0.6261256680637126
0.676841928723314
0.6755030526600632
0.6733043822079917
0.949091912159241
0.01743125506684806
0.7981819744252029
0.9878282590918585
0.1939408978993279
0.9914205328818427
0.9978122633843978
0.4356032297580249
0.8563065900037402
0.6105592321105332
0.06785706170104489
0.6026977816570875
0.8198958814672196
0.8515487699462609
0.35956286153983397
0.5647436555142549
0.7164879377115276
0.24932792231408152
0.27548288158729906
0.4760842673160238
0.4979667575129473
0.5734300409311749
0.5246006128298527
0.8716030029256074
0.12957939563911147
0.5967884349074097
0.05145359251817705
0.7636599671077767
0.6110916000757852
0.41845731910012784
0.5639539523058843
0.22420733794772096
0.14725619422335612
0.2945559462948466
0.8890234827960561
0.5205163081828813
0.28295600578232505
0.809714291020607
0.7902943829529496
0.8973588067423971
0.41365442740170466
0.5608327018174096
0.0623119286748236
0.017112341066090386
0.8883539193674941
0.4200497623362942
0.8892003704994634
0.6846391671971708
0.7703391193327973
0.3523575009117026
0.7820403251966328
0.3725056626217864
0.3435649468666768
0.11093140632082588
0.14634487667819784
0.6203032622530777
0.5731080667626505
0.23447989003664982
0.22878175757575014
0.6965090490149369
0.8522807242253404
0.463052647275903
0.8847820671257579
0.8854131576614153
0.1909530967367966
0.5512994976948795
0.11928740192700515
0.11724725320028417
0.9120461459511349
0.9048665066948073
0.9593394816109342
0.8009929042779137
0.7572605773162226
0.7455343144087317
0.5187662445749595
0.18275967224529444
0.6808426457377592
0.7439556940092642
0.3440971774579523
0.8656924025936683
0.3119765512223325
0.010540447944063946
0.3911103129407679
0.6753491587127638
0.44836560386013713
0.31031644241324985
0.8184902496823827
0.7807602285264081
0.7177497420443272
0.5593868879748329
0.8823315218410263
0.3531229479800617
0.8019218620876118
0.8324466209808706
0.47797565197920555
0.1612420651474228
0.658614734885256
0.7616474637928236
0.6676701708173262
0.7090327342748536
0.3821353504402265
0.514571802528412
0.6299419399041791
0.48493369813051224
0.9147821518397048
0.6655253624782828
0.1795046878848956
0.7425158397983023
0.7810085711459835
0.8957132277224765
0.6150978848095112
0.2577988834043724
0.5482418611834597
0.9084946085749308
0.010459842352766424
0.38391332150517
0.7954205916337925
0.3456063426279944
0.06013230272758008
0.5163139206317754
0.21969850097428933
0.9285525440021287
0.793090970513497
0.43575382144695207
0.2704415838851014
0.17608685686219294
0.09288217281842981
0.7606155687336996
0.8991637349152406
0.3172963594159355
0.9842704326804018
0.9942454774923649
0.05043787259810073
0.6585665868434054
0.9205871880511236
0.39655644100366394
0.5745479940950421
0.15368831434745944
0.6436827785680884
0.32306993980203424
0.14528481891665368
0.002496726482891898
0.931902434811014
0.6854512804700681
0.5691481117734654
0.024438738753361555
0.5499022530432409
0.9034882683376309
0.3069084852235817
0.789192750460043
0.79766211510249
0.5202480443233356
0.43674975341305855
0.26081660311500476
0.450430364449818
0.8688754452028485
0.726837440858992
0.6180219307496582
0.8765244071470268
0.24846190819166036
0.10185066023501899
0.7321659911444472
0.5573958930449004
0.9235448463110185
0.6836949311559303
0.336877512084262
0.9959835697248415
0.3450412589778148
0.8084055982554567
0.8567151205537125
0.0006500532459977615
0.19407967735229625
0.888844847024911
0.5777109249587973
0.9176033255758864
0.5016922671407142
0.5504691573670694
0.8688175239519806
0.040085333669874545
0.9601972742053119
0.12202557783498258
0.986893064896243
0.3576282492075613
0.6678132240924513
0.6739596002408438
0.7090949133586729
0.39264664992291576
0.7061894854408313
0.2709566462906132
0.7185877998997927
0.15915258935594456
0.8536454826360982
0.03923564640602739
0.4570135597205154
0.4703705442007243
0.24871393179034829
0.19650759370168802
0.6322362933798937
0.299339737138417
0.015460685344061975
0.7382743792207729
0.5083896827441451
0.31225382811912206
0.05592517801123731
0.2773672003295692
0.14435065192422036
0.829860521530103
0.1517145541496694
0.8716795309172843
0.9231337850976472
0.8648383005963789
0.5593115648522283
0.36268003880255795
0.5617465351450991
0.9410286517793216
0.0360253523529982
0.9803121482777721
0.14625323402906487
0.8453393574785106
0.330593982474485
0.2911738332227568
0.9254788738290657
0.13581901256073914
0.7239217366885652
0.4022753226603326
0.9511920372398465
0.9025770777665952
0.7583071661138591
0.6928015086689135
0.4536797164180121
0.05536973737546069
0.5399892740487668
0.3452170465031362
0.5209859672068027
0.3472643412056966
0.4918516479006172
0.9330409602227331
0.3723585050515521
0.3003734030818712
0.38658633982960133
0.365553113523973
0.09773029002392741
0.04808433634004672
0.8969923716842606
0.5448854938657853
0.4758441303442481
0.2285461511458603
0.90426836959509
0.8367988637706147
0.18312201797368577
0.42354273396124764
0.38013481520020165
0.0753882825873462
0.42916157789950593
0.0938918290053441
0.2545502569552719
0.411714924213203
0.09424584117513801
0.7270184450300966
0.8646254583784763
0.5825431020515865
0.8905025544833994
0.46621457595299887
0.9015836877453856
0.7922407350880883
0.25125040117343145
0.8486309728282782
0.6855496043260966
0.17612849756440974
0.17898296618171616
0.11428986435104393
0.8769382553530424
0.5052152033858117
0.42473781547606315
0.37294218092406795
0.11350154841530868
0.6476479823459497
0.1696806131099089
0.04072538166925466
0.08213962594033852
0.8952076787861211
0.09993472661503433
0.9567893685048757
0.5208384950175527
0.5159563340754278
0.0011392477962643976
0.9454778585520923
0.7737579946091295
0.3953308632560466
0.5369486474689298
0.16803894445927847
0.2767993999808408
0.14052426088383407
0.04761882223779501
0.04623382098700912
0.07982367211994723
0.1693602130735702
0.10151999179411342
0.6781553382419789
0.14803060985558214
0.15529387224501867
0.11168054593019994
0.6005165480704445
0.7929297753557872
0.42651621926891936
0.23883143760872583
0.11686295320475648
0.12663920290988206
0.4140707926018782
0.4976608222905454
0.12150107249929032
0.5631737033941572
0.17107590553315732
0.07535313253716613
0.41467828910512416
0.6524157089947025
0.27889075491854465
0.5623075339692327
0.2953250020767516
0.6191318791535272
0.9709864066413416
0.0251083867470685
0.7197740250404314
0.32551124032427703
0.8121643532135745
0.6470225324808836
0.0866137147272723
0.22471064882519276
0.13421581558947715
0.8713618082009926
0.976100214606697
0.6377753092726057
0.34520978816962045
0.7160062038493172
0.5439714688310873
0.9695812181945087
0.581565864890141
0.9152424002655696
0.9485745049699116
0.7796228270967273
0.8916531182087905
0.6249370045011853
0.4994481085323662
0.16261739723044133
0.0486357643115336
0.46055395981708935
0.32688892931644353
0.7692341229391446
0.7827870560237955
0.798380985975093
0.4163249503245505
0.814372729441317
0.5985739794023125
0.37729102121413294
0.17062963450545166
0.29132980646425
0.3317570116684935
0.2900081235020333
0.17519743056565207
0.530482824004426
0.6884227349791557
0.0901918673642853
0.2564289006391596
0.3667074446574049
0.22212151355009158
0.9195423023338518
0.49514139251306877
0.2801116014561229
0.6128653182819893
0.9302759217805034
0.44031916146338124
0.41166307561105975
0.5267760780643745
0.30271091855509125
0.6357815102875825
0.45840374547372253
0.9780406130450283
0.2019235033195752
0.1956854586199226
0.02737091995749208
0.5129455375455267
0.8431070739154087
0.4341245990543291
0.9462285753834374
0.8023232183521892
0.33302428179875687
0.11083859008552177
0.02962146019368428
0.6448439703283084
0.35885535703184956
0.6844118007065103
0.8079597705430095
0.27079238736065725
0.02557963042135769
0.8748565434870141
0.4720502876318835
0.9366079650151478
0.924760234443592
0.35468413484386185
0.9756015002638594
0.6488424988821537
0.08458127857425046
0.15304150772918934
0.3075101848970019
0.6130963015944498
0.6957490424808568
0.4437656470306357
0.8160361403212142
0.5042215560600772
0.39414944308828936
0.7357851936025598
0.5532250130211138
0.37316300076714337
0.9700384807996445
0.5380948143903593
0.6126387100342003
0.11810721530384072
0.7211567936066531
0.9736069573660366
0.5072354171194007
0.47635125716835813
0.6124018622924086
0.033323519214323305
0.858050924508557
0.11245972959677508
0.4232307055850284
0.6399660369907422
0.5902033674470322
0.4730395088800676
0.5042986305770092
0.2646201339850356
0.1640473400998167
0.786623810232514
0.5415444362760774
0.6867029670181339
0.6990733396613003
0.5745270808128508
0.8240653083473536
0.3203591563104875
0.9178028599998163
0.009461080724704085
0.6725693948800238
0.03493234633195508
0.7637499051713584
0.9976720611667291
0.24770440541915661
0.06459638301458659
0.7792229172894005
0.25259828570224563
0.7538440655135127
0.6037771432845391
0.573776083515693
0.882022414775017
0.47804001776665217
0.7442495850146614
0.19547679570838217
0.6837841677970071
0.7108128278700824
0.7448137804248849
0.7399383896294869
0.7222987367550125
0.019414709524010365
0.7437616087117788
0.7597422320475988
0.19500337816340652
0.1845925337272568
0.2986147311283237
0.7416624689934118
0.26316394572020163
0.5323037500759702
0.999293116634884
0.7669216358015165
0.5071600529961686
0.8286740036420738
0.37581456329309515
0.114401816597819
0.7613052790344582
0.0005257346847837852
0.7727530533021374
0.14145829217835348
0.2964786920409479
0.3934224050403693
0.900383175285919
0.2553630116665324
0.9838765752615999
0.6197749590528875
0.2171793879037507
0.08170586193562757
0.7165530961042983
0.007309090736911661
0.14595794849642274
0.2323606473186075
0.908128807904308
0.10671426929471761
0.6233306058277195
0.5941425984027228
0.6687826751100513
0.5066081468938897
0.13088800897748343
0.1760459158884068
0.7315004447059041
0.2829988753809508
0.27869064562393586
0.44382017998568357
0.4666056835296829
0.2128071792010775
0.3853212500994577
0.7115148894059037
0.3783355926216645
0.90359370216023
0.97527153424481
0.30574062705054794
0.9861221017749258
0.48415151968453596
0.12361274797897226
0.9513071193133169
0.649582407484521
0.16210739760252435
0.8005228968541849
0.11862782357131385
0.8127832628356485
0.4879131878049058
0.6959414645441374
0.2742050454504448
0.21514279915347923
0.13563790697105982
0.7662466638121791
0.32845295326960355
0.4604474577661172
0.862135846085412
0.25136889304158005
0.5576115832837283
0.7151811747570049
0.7906401266092853
0.17276100529223526
0.9069563216500025
0.15465811579812028
0.6127139821356753
0.6708266647088189
0.49682457446096817
0.3720935680164267
0.3163552602644636
0.3792120070494267
0.2960331955609018
0.11416312722779876
0.9683969970136771
0.3428957218200649
0.9387870305249656
0.5236321255240324
0.5421915130473842
0.5342739906147234
0.8132720720418227
0.9370412973899478
0.8672067351664372
0.9761528070304595
0.8240241202999925
0.32411373586043835
0.0750972569467756
0.4963028458101467
0.8078589237461186
0.38271853348130636
0.13814203385731483
0.67897168118659
0.7602655916429311
0.8912219168396689
0.18597810210653787
0.4513654706122505
0.6917492849678532
0.1425716132200936
0.6764441866918073
0.12411160824186795
0.47620435814454143
0.1138726594939542
0.10524850476827363
0.45791104323054643
0.37412038465340824
0.5295949585762922
0.31570163665402584
0.012149268544532354
0.346568706219645
0.7512088958370335
0.9746930096183964
0.5108435522584552
0.6940269644449673
0.3445886497047027
0.5003018790952639
0.9225055067072588
0.37868289325026705
0.17163613422073132
0.3669798928729352
0.8548261195233309
0.7263026709023593
0.963919436548629
0.08811030555795829
0.009736896582984156
0.07472531577481678
0.4714455061057703
0.7473126258067784
0.8596642846025422
0.6097733761934022
0.6317441224994875
0.8259360607147642
0.21545676709727768
0.17238759358468858
0.9431330749024822
0.5686234393557597
0.5773348068838124
0.5739089709303266
0.4773320434567525
0.13561070122217833
0.04268337561215363
0.5208531388690026
0.9460102736454257
0.16288415954959157
0.15788071783402446
0.48859378321219515
0.6670169613331017
0.5463058320728991
0.7718147167548289
0.5354183956927314
0.3333628665447602
0.24385202430811703
0.46182995702623275
0.1896418279363694
0.07977538272593099
0.5910736782054927
0.16836413569114184
0.7337123976747946
0.8437245984814579
0.25965178135464595
0.7358956821319325
0.8455967630429438
0.7194659978156328
0.20103010835394952
0.5069039117975723
0.6104977591327763
0.16641940550543288
0.5994106530616269
0.8561778432999478
0.3710326923958297
0.24616542543882314
0.1592695011931985
0.01346461123174103
0.3973410625862853
0.2922482688528376
0.9434825079668994
0.5932147099165466
0.03678359390974684
0.7203461142982345
0.9811913265846025
0.6981267596818399
0.2771247727403603
0.29700100497017545
0.8895963839264399
0.9469788337286893
0.29056050886786833
0.13277191252093334
0.7168898691639445
0.6742293365861421
0.2742711673340459
0.19323013790194976
0.6728883476975352
0.979384909787521
0.9231628298134801
0.8797621108178268
0.43822448337074393
0.11551423905685276
0.5939276775317057
0.33896992266852277
0.18987239432841474
0.6119189348155587
0.9297002827051662
0.4824693511942325
0.980738680860314
0.6887713841066136
0.09036156035047715
0.6267926671790578
0.8555461241349535
0.4261059217128119
0.776889206520186
0.7821244093823235
0.48581119246597904
0.5868628090511238
0.4103090717535324
0.19296024406049628
0.6132251784117476
0.35870717770067373
0.26081005296592186
0.16718636781959018
0.04760700691828057
0.0749882421705258
0.8555328592357255
0.19595586934912568
0.813788737192434
0.651938619163157
0.7762317968688529
0.12796600280467063
0.9081474552157554
0.7895236004130092
0.6658635833476894
0.9228708921427573
0.551864094240623
0.6986597534010248
0.004412356866488332
0.8823306370889388
0.244395253458355
0.35821497914832334
0.8078675145954604
0.3421693596866108
0.5857678308390358
0.6690929981454001
0.5080800099077666
0.11826895223443334
0.7573495454106836
0.5161371341898038
0.7020524294492954
0.20972465229892123
0.49988529612263155
0.4549901747054108
0.36573765134595804
0.09993707010272079
0.1597046732892311
0.8532011639556123
0.7030751811246375
0.6856068625238598
0.45298794297175127
0.36541675022046394
0.315131729760716
0.23834980867681765
0.20431604958291172
0.025570957687899853
0.45944964381565934
0.3395882239032838
0.10834871645899402
0.7573673202681238
0.300520233100122
0.8070094475810486
0.2964798667186799
0.7493928632704305
0.16062755212959223
0.4138639024381502
0.5577326545620687
0.473024915922863
0.10566264613490228
0.20241775398640272
0.2694117285233728
0.252705450720069
0.5847303758568445
0.1849782275049685
0.9454633075017431
0.7724203265243726
0.7229503210787029
0.19610897000112082
0.6666858936837006
0.7778494338908948
0.20688061080024434
0.036215293420746364
0.07690149876147423
0.03812386917816302
0.41953345117677854
0.042465670209203
0.36298402351197945
0.9069317582918002
0.2933307927280978
0.8647447620301416
0.7704751015538042
0.6762196343465582
0.6670003562537187
0.9074690173774379
0.9714156857558724
0.6224892258548159
0.4290835340767012
0.7889845503880245
0.5190817427852799
0.5755330553861242
0.7437049222383783
0.6419168815888597
0.5768428243169413
0.04950060298638781
0.3607536538738577
0.6139028583509393
0.587093643434947
0.8606642264034047
0.7246105355640791
0.6644238704853486
0.2398947024867465
0.7260555331673436
0.7519885237321021
0.8068434280473818
0.41526156213213083
0.5932679650570505
0.04578919035223494
0.5297975404410216
0.5991005129408833
0.7450442562151988
0.5136789083558679
0.01736811979569075
0.001706513750315719
0.22514720962616397
0.6445133100514084
0.23906136955973523
0.7828604690083465
0.24891718773060223
0.5701502735829236
0.31993537690813156
0.9012014881867527
0.22476969135535563
0.9898614538052035
0.5255497510119824
0.7655590654517981
0.13753249840867499
0.9459533948625106
0.9000214845700575
0.2343061125362067
0.7887700428640009
0.4251725743974495
0.8157139680339571
0.8240112915493871
0.3965520492826209
0.9839498175356393
0.2866699924739772
0.1796912909935109
0.453352376928156
0.37586325787170083
0.9992188031946959
0.14021115057009426
0.6427469448386306
0.44996491423004104
0.31697283830127976
0.2739543591076121
0.4375975850808701
0.649901590159779
0.8859452244582512
0.5816760241986041
0.12805264443437014
0.7740093182629239
0.11479202888755968
0.5093145383374688
0.1318352474186042
0.22129040422649993
0.4564581670950689
0.6022561768070692
0.1845635955889745
0.9936836898603055
0.5426823069661794
0.562009919836658
0.5873082991439921
0.5971187014876538
0.8581575623476387
0.7515694469656424
0.5979839950159397
0.35717342808156427
0.07386657007433284
0.8757014267645863
0.9144307797623511
0.5223206234333143
0.09823234297400385
0.48259422200926505
0.08288336667319507
0.6619619504970434
0.7824055525527038
0.4372712133186323
0.5226911562681368
0.7003511118559607
0.16989340202491443
0.3063240581760389
0.7910425836486548
0.4288385951729967
0.5044354854482188
0.5626916161232691
0.40701996554480124
0.667956309360674
0.7749001790250776
0.33852550034806517
0.09142105985368576
0.6699734099638016
0.24934840450714557
0.12159348431978623
0.01799692121569818
0.12050013117962344
0.5901504291648825
0.03491100632983901
0.8463257267782792
0.5632786793788385
0.8071614058592875
0.8740599274178052
0.6255959291188185
0.7142405195051943
0.5277824773152548
0.8189021045867171
0.8386866454765504
0.2966590933622145
0.2777450389923767
0.8582455269120325
0.27882568491519966
0.8937142385831164
0.8859730061384253
0.2476244226350296
0.7509477184268111
0.3578727451027961
0.20298134466622164
0.9194965567782433
0.4895208822919007
0.8808966840444652
0.194605403606272
0.7601806055743335
0.4320817488552139
0.2623639839680323
0.9324992277614031
0.15963724973874927
0.2969175695272688
0.8333739341005071
0.6176534892491703
0.9351104756461323
0.24737077011156805
0.17798957942634552
0.36347363718093906
0.7451841442777201
0.41558575419159904
0.2828820632137863
0.2294935408529003
0.15698154328264502
0.019592997146650637
0.2571862980638234
0.6049169327014331
0.3483896342695135
0.4208018454850805
0.6741029553881716
0.7275387383285121
0.5141403254874718
0.4437021361863138
0.9079095160348777
0.8196104913439631
0.9594866837775913
0.47046699863103425
0.45265005830484806
0.926402236042407
0.800714878454696
0.8208065858422002
0.12406941153176387
0.34145848333793194
0.49207986420678707
0.7137259450137222
0.6181037467658647
0.03842979441970318
0.8208122618205228
0.748629227276529
0.47018009765112045
0.8209350424962617
0.908789382701242
0.1606393575906957
0.8379722043029281
0.24872426862913954
0.33012039252931946
0.14980633605672966
0.3759173111914289
0.8570003583615113
0.3864512511304087
0.5429576474669495
0.9438675558442732
0.5441063718783
0.08374532623115938
0.11919642840193756
0.8845622804152613
0.6710590175288083
0.6439522198843753
0.6507727129566107
0.38541719265721563
0.5005067574409606
0.8952630465494105
0.903648166246915
0.2542724819732708
0.2546848878221578
0.6379001982504692
0.8309535832966656
0.22110233320959227
0.32007259093136853
0.6958853420476172
0.8307821906896079
0.8727353028380905
0.4346488075709526
0.5109944330549042
0.03235696821531775
0.5811082653299257
0.9867457477901186
0.47192258670653187
0.876328892502169
0.38915971854878884
0.14261047485786416
0.258852352666851
0.7624484347524504
0.6421092245010338
0.9125545453041468
0.684712244889166
0.2017072592231618
0.49525066072252655
0.30637029295109675
0.08444857667328687
0.8240646685048432
0.3158486409505238
0.30288922669231855
0.017753790665056224
0.5551770521030721
0.6400485305314879
0.37048705813110927
0.9784851333485082
0.5160244842529945
0.16707799607156237
0.9798639127385939
0.2598489548402827
0.3117445037618308
0.8669114051606609
0.3167361510445381
0.6714573653688716
0.28203021958005514
0.9361798523831041
0.9371598137926425
0.1549561927183266
0.7853888808747476
0.44963889048710237
0.6318226404465617
0.6756556372107517
0.6817204986730422
0.7036966658225161
0.6266348161205878
0.7362701262078342
0.623121895060418
0.9211451203396843
0.7609083862163899
0.7292180401543382
0.24714064100704458
0.6181337642498155
0.09702187099577331
0.9014236347465391
0.9887849073869874
0.7130325888236205
0.4881495416533921
0.7309771985179414
0.42459879284129964
0.3549644777936054
0.8488152581826082
0.818478985199922
0.45069667348144016
0.6963941358082607
0.61637039270989
0.6281305482699256
0.9525789144413437
0.3215366086632979
0.7003317999076207
0.625854049643445
0.6296808017461083
0.8484087781020873
0.879904593776938
0.4940520808065362
0.27015521197459014
0.17571973514299977
0.7904482864300247
0.9402337427139357
0.5153270542835414
0.5226374082251918
0.6200000868215485
0.8326677823581389
0.010026448101781882
0.3110847920931319
0.9491854318332824
0.1444889651448632
0.006316832137628903
0.02757455864403968
0.5413111559378609
0.17114774442922098
0.9092798211363962
0.06980305539074505
0.6520740427630616
0.9622015749043867
0.9502792108442704
0.32359449260429163
0.5277425931288265
0.24425175262214383
0.06149391916257174
0.9618421522216494
0.8363498581864969
0.6671324703540751
0.9024998688329395
0.36423371323371034
0.7350038266053104
0.6038929517652555
0.23523215158017874
0.44152659709464115
0.7766948086617933
0.06663062989284496
0.5313187537667935
0.42916128475723403
0.03539801725665315
0.5950848827363714
0.1651534620035332
0.7642116626573573
0.21156854814119452
0.048435197850040246
0.09344623049341216
0.5276716362636665
0.17660616560438747
0.47686128294750396
0.27158197893140845
0.9108946983357721
0.9479887924120658
0.5584867686232193
0.8930852553163972
0.23817058381150313
0.9123333213716187
0.9039843884444615
0.770270767070776
0.9434607834983798
0.8783555798520282
0.009080830865554113
0.13589036639016328
0.14846301299695552
0.4949167732688924
0.0460574291651934
0.9252052970102825
0.4221657750058456
0.800719370885672
0.0788673230396002
0.5271639241599706
0.43985274718057044
0.9052255944980517
0.34060561380616394
0.5227308372884644
0.9852103748605762
0.6280262358255885
0.3565672113614363
0.8412221017017407
0.7565570496337064
0.9173409646861612
0.832982290491839
0.5389974341481131
0.40888804874709705
0.9107936633992217
0.8711268597170534
0.31759874642838015
0.21883372549166102
0.5722856017834158
0.34470322557248256
0.3184950746322369
0.2266069343474807
0.45920894162963655
0.46055785210211153
0.21871552679147532
0.7002313315728286
0.019660712258130597
0.787845679072735
0.1538080193512782
0.4704028615971816
0.16092502203887693
0.7701560102250123
0.8428102677841183
0.9689214731097847
0.1686568560693278
0.8955507004320846
0.7835518546064419
0.05648998070105371
0.14171186187562468
0.1831477902427039
0.9582559351544513
0.9776846794651561
0.48135747197864165
0.31058246027095693
0.11785344937919118
0.10153178837373011
0.03735089363567479
0.13230964154882163
0.2674848842711053
0.8282055625180357
0.24947695565665184
0.35404777230011897
0.2928447630692983
0.6497223406998877
0.5663947966640651
0.4152830808576675
0.9731151961600504
0.4761156314689491
0.13490903291910128
0.9329182982296353
0.1292834305525864
0.6658477856796611
0.7543373974214406
0.2605039586201747
0.7864035925409123
0.9299792492243247
0.4875605501531334
0.17573958280265556
0.11064566483927618
0.2707190750671534
0.01975859393121071
0.7524052211674889
0.8798288578561032
0.012313701960247059
0.3264074366081796
0.23777620949753875
0.7523865224808867
0.914760986059489
0.06301759395734752
0.17550617839011995
0.5704443799630626
0.16862960597096044
0.3363489332449059
0.7234958329134777
0.21782001241943472
0.6675600589378533
0.6542112795188912
0.22095935499615527
0.1418482497524699
0.7523897869822165
0.6764618384276716
0.956851885294626
0.966541139990345
0.44518843991594237
0.5723544442026721
0.9808401500287564
0.520204199428158
0.24663900671893513
0.04128422561534162
0.8026741837356272
0.07745237310403696
0.22109037226271155
0.4574789036423166
0.8083870040091268
0.2191662397988714
0.44256558577287364
0.325310674374384
0.7024133549710625
0.7065057359828584
0.7236718433843374
0.09072057934595512
0.426957170581319
0.9846158713480554
0.21563031654230114
0.8881754637993743
0.6672500869141595
0.9924542062738844
0.02448252923029226
0.8880018756533983
0.8176111085451341
0.6823532087006985
0.946128061457141
0.8506597647220623
0.7579076733684913
0.6775039785477134
0.08593162412178634
0.9729982908802974
0.5781725743084302
0.9099015320052394
0.5850278525413526
0.14225239978343462
0.5566370286052909
0.03948388299908545
0.6138359276994337
0.5239584690473932
0.7261463520328387
0.8504524079245983
0.950956313107764
0.5297946047691147
0.5819682165721585
0.6679064101611433
0.15876642822771747
0.20950382580815785
0.09986548890700875
0.796979574868562
0.07061756690624765
0.6076180408448221
0.45558075620962835
0.03647465300104391
0.3054494934906007
0.47960845400691043
0.06360411709710012
0.6892880988616095
0.5467107809743127
0.3714971540603842
0.6098258841616585
0.9550911295754713
0.4016839015920777
0.7718484579504761
0.7600293715240632
0.7283728868964137
0.9839468913818087
0.40717752804034546
0.924489832873512
0.23063509554779937
0.0862802542809421
0.5173397793155363
0.1563115002612253
0.5547909415917507
0.45742506570070973
0.8720490332190451
0.3416186760553467
0.5434865653484063
0.4962342682232188
0.5131801906604488
0.31560444132453835
0.6582766073846352
0.030759821282020927
0.9653024917318684
0.08233062844567052
0.8619457636395998
0.4471361055544595
0.3175510727606238
0.743947112493486
0.9368571546922594
0.39070178094957064
0.4122363271652295
0.24648710942932206
0.5447736999292897
0.9404301456220692
0.08608111425745912
0.8193910010250841
0.9257518945007513
0.3704881091412511
0.7446110944642125
0.31419725679742294
0.9833889760316795
0.2878691291299387
0.535196656443384
0.9161162307370645
0.24529388929467777
0.3087896827572766
0.9068244476709793
0.6642791480152826
0.5862837873282234
0.5391882343455284
0.4272563543269605
0.9863154301260331
0.8723360838993544
0.4721580818234451
0.6475986719966497
0.1346919766571847
0.6156145574070577
0.1960556571074099
0.41141589016481805
0.7523996196969701
0.27920428558056
0.8474208528348559
0.5268843817126293
0.9791544778885378
0.34546724752733726
0.7879428970409883
0.8740125115706742
0.3675632956613809
0.02471018504338862
0.7722824966534596
0.9129110117222411
0.22387273400317698
0.4931829595249413
0.7643666043585721
0.5151864874521096
0.6627515529880883
0.12679098554095758
0.40479101119277205
0.9350608714341191
0.6322539424875085
0.4764211607476212
0.4364050603003523
0.47680622516003734
0.5116837426104568
0.3728805853475038
0.97556134146003
0.09725856750773754
0.4752407166165107
0.6637708131192886
0.15504493577674505
0.7106643024037618
0.7051242014982236
0.08344715739986464
0.11837894159805362
0.4446588238002105
0.5935480589956064
0.3840933384556019
0.9186907405636782
0.10709557187169771
0.678390869700577
0.32526077036718604
0.4803494962304128
0.7381821495407677
0.5512118362010793
0.613137591499336
0.490913499368441
0.2515157591528453
0.6492727274783978
0.861647269352061
0.3733958891553124
0.5353367551656267
0.2927606180751129
0.7319052814451845
0.2707613922299358
0.23906204274566112
0.33198862102971505
0.14926742999291764
0.17104176968360663
0.6879542333172987
0.5987489095715051
0.5571917120399522
0.47414842456713513
0.8773276123162158
0.42223029682864444
0.05138020642084329
0.8522501786320521
0.7631367932700781
0.09137280481030663
0.17661248355888148
0.13167688188055315
0.7800794525050937
0.0535435813286429
0.34238649419102496
0.7684141478735054
0.7544309085760786
0.5231345488406495
0.4270456107262689
0.8891647788756087
0.7254945999321522
0.8498484679471335
0.36223659625092464
0.20118702161457536
0.7892357977393745
0.3345200526168324
0.875320193208862
0.3347238295969208
0.09906522690427721
0.8104997132372475
0.08349205381977887
0.9213607741789307
0.353515152899718
0.6206059923112951
0.46247826284265336
0.9738580492057395
0.05319380692582898
0.7040629831538365
0.9998387175579159
0.9660387542404366
0.875463506307009
0.43415989672211297
0.3151647922051498
0.7616753555060818
0.8905208674620555
0.734129491671178
0.6997633536692192
0.4523189253920561
0.9361391469204385
0.6651951890852235
0.8961862498415291
0.2621875460657933
0.21130166914387327
0.14377433205735612
0.8416823422923142
0.36478095777702024
0.8446814391115264
0.9343258563951065
0.2104350494553493
0.25085213992611977
0.9322961151264632
0.4528680673531166
0.19710037017155335
0.6282044998612314
0.8037631907556064
0.34047359614625716
0.5178183965810298
0.10623197809635188
0.8883581147723639
0.4602807151126783
0.08394122841177509
0.9170916972775489
0.6510786360241958
0.8206805846466108
0.2053484328263525
0.2636244594663779
0.40053069818828857
0.2313552909867329
0.5571833109938987
0.6967819872088593
0.7486368224787782
0.31760007170971716
0.9843559294833489
0.2780692686449302
0.3111787475871558
0.6751175191551261
0.8124966055759704
0.2521700165674834
0.9049146413590253
0.05955561795015507
0.6499189574238263
0.9142506217625807
0.8570800665448738
0.4410228795845963
0.7245037491396187
0.9538042381106348
0.8534524583280957
0.6740799782597747
0.3952516173099573
0.9584675989939537
0.3415193430281551
0.9399465537801109
0.6714829021794464
0.4522870076665203
0.25199451879836654
0.7847425479683342
0.2778713650235378
0.17179789544466606
0.027070099439965745
0.022515226439625224
0.3979426407972636
0.9323551092764043
0.45630566021993124
0.07115740226439249
0.8776126518562707
0.705681427461002
0.08685344160640185
0.06070159500051997
0.7433198941430025
0.8477623622480369
0.010623207505781496
0.8658388731492349
0.7977435565396488
0.5518458465908744
0.04962603516944308
0.47126171923924387
0.347222645648008
0.08459262612704066
0.07891332111311855
0.06989992574119064
0.4295180617945984
0.22242835094277913
0.7442011146206321
0.7095049536711162
0.232107039204567
0.8230622093887738
0.4648036929489322
0.7578725408515214
0.5895097588152562
0.10899647011943592
0.5653744949128732
0.05634722660348268
0.6812960991796694
0.3485374644295809
0.07855154173727419
0.7336186294172492
0.24540539876959
0.5897643847533978
0.007667956081382599
0.8011532309289983
0.7109537001567549
0.16261149844005918
0.13220518151091365
0.5229912581643961
0.4328663460505153
0.3199179801708907
0.8358050707824303
0.06852818911269687
0.4497787142170565
0.17588825120153828
0.8939301805833303
0.6186833045951757
0.8846322153350646
0.49567905044314575
0.045929101121550575
0.5598558232456275
0.3933774599225853
0.03999572526413708
0.37605777996176337
0.05789695477911949
0.8970231885647536
0.7744764476562659
0.14137273262025118
0.2538735570271675
0.7408688556126297
0.2683033377795615
0.5518647602386373
0.7947488050190665
0.1665593680200952
0.9889030898556144
0.19622586417911203
0.3569312005503883
0.895893960881722
0.829753920347239
0.39217981553786696
0.6730826029466549
0.5474439906996957
0.8668442696071794
0.4201240759213172
0.8839102799432681
0.8550626517033556
0.3317657502095326
0.32830876864293623
0.612998723950518
0.3880483220949891
0.7713412541446931
0.36365659188411015
0.21907202913537327
0.9432405681097741
0.8022317814057716
0.7143174222491694
0.727193971326326
0.5230668007870616
0.9099014747504388
0.7085485050185112
0.5906992098020907
0.4215668688223212
0.2803770845233545
0.7161856113662195
0.45569816605390134
0.5419140743046279
0.5485048287715456
0.3173812746346174
0.7713489067219446
0.8864229339888042
0.24319099759658114
0.558305874543262
0.817593244350762
0.7708881081957419
0.05111985040982314
0.6458548575964815
0.8121322814740012
0.5177428493628349
0.4517434346632665
0.463857901760211
0.5978108838424525
0.07357242704859157
0.24383406594443158
0.2261739779074956
0.25780695262211784
0.8867288359783926
0.855549051165499
0.5667492861961417
0.6211608454762082
0.5733100394778897
0.09408272258476902
0.7507027547542544
0.08615041059190731
0.07300064100718406
0.19822842153123443
0.4113463383674981
0.7318617767398509
0.9163367399119575
0.6540529052286842
0.9031355741057631
0.4281208500601661
0.785781618448436
0.1689680738822147
0.7550399546518892
0.7290944460058062
0.5130467284836527
0.1600559676801394
0.34124824784093
0.7132281758895227
0.44009222413361404
0.9517219924477279
0.9180143517719399
0.014355147312282823
0.4364127175795086
0.04529129823801792
0.09653261409006342
0.5208899286716019
0.8800296677951727
0.530538947276551
0.1979160270486393
0.9607966863783991
0.35627141408899
0.8603602880873292
0.21713138753859862
0.9661892374905807
0.9129644576515012
0.3905805529415033
0.8433368044956541
0.13706607642095936
0.29669167375571226
0.1854485332845609
0.6379014583037862
0.6578565783887339
0.399294994612444
0.42669400666160917
0.174872790692865
0.40378840105528235
0.9192479823893357
0.14573372994072187
0.21298643081066604
0.6861981179913746
0.8333712664572409
0.42209045368855114
0.909442633229906
0.546140111825133
0.8028832384715041
0.6402290715839587
0.6095958460615472
0.43091929531315465
0.15335615161488436
0.1470082489040232
0.14362224729696138
0.6093046566751011
0.2019350228961957
0.0004267443892782552
0.4415595671266127
0.061369400351434455
0.8431251276937866
0.9104889331604661
0.3891530082013872
0.5410623448154626
0.07355776471096609
0.4332850270856752
0.4612222197683514
0.313236127390335
0.7319292878720807
0.9104807997568037
0.12378864600673134
0.5032849517337271
0.09583468465624445
0.5268780560041967
0.9950500749935597
0.6174376117926706
0.42614791884319647
0.5513860903879134
0.603379763670307
0.5959211284127667
0.7618382534568564
0.8983657237261833
0.9576619033224317
0.13692424852000196
0.4947559956356069
0.297027916971666
0.7649259225262302
0.9875040773530174
0.6472875444389657
0.5706825634975164
0.8028004710913025
0.9923551611664683
0.042004947157530226
0.8435530180323683
0.5912291401879293
0.7146518913993183
0.8597710935692885
0.9677771327715731
0.10567593590215307
0.03573888181962659
0.5412350870265734
0.8136454062378494
0.4642439195809853
0.01818949632465472
0.41891968423353765
0.33684285179940976
0.8565096638914
0.10639591721530328
0.5564964471396605
0.6230558453954739
0.48020552611046385
0.9733022355889939
0.26542276808977916
0.13938031508523674
0.34755765659107374
0.11272741275981779
0.655475825938195
0.8950819824623075
0.30703182641706894
0.4509721057075874
0.27352354989738803
0.9033367629865621
0.029919896551695913
0.8441857766334502
0.3999593345675262
0.8454276972128704
0.8677393329068424
0.9495126325019756
0.12674959659321394
0.5186863199610422
0.985755187606749
0.3477110087464307
0.4813028100213519
0.07847010546739963
0.5959765009884859
0.13416304295477754
0.019584450722832547
0.04231913428569534
0.049294159630515866
0.11354936818450445
0.36498893147485123
0.39460270576023526
0.718822891103686
0.6814939995187208
0.6884029872138986
0.8601724951037054
0.14618467627972576
0.9070782270487266
0.7565205017993869
0.2568863477225992
0.8935568728372145
0.23932371850027945
0.568022191360255
0.2579068843298761
0.4253204912032258
0.7599102703524363
0.7559246634570768
0.6935239025333014
0.7601481491774927
0.9347786588746093
0.002870547101342491
0.5407604765340814
0.15527336802569458
0.1678114445348099
0.3873761224124129
0.37297066046112914
0.08589815000231393
0.6068381000929814
0.5247352115387107
0.3611561442950374
0.28385998366173393
0.9485151766484251
0.20997476877828802
0.636734467398205
0.290276744098271
0.5111274384221344
0.695968931625928
0.31371165116356103
0.8493324440873505
0.9162676369292686
0.5164439188062515
0.6679259724712637
0.9841020682400095
0.012173078537171755
0.36380395669500776
0.8929859698715964
0.9054110698392159
0.694894355116597
0.8542528962103547
0.9891669207002585
0.7648481875197919
0.840543955133094
0.8251455344190823
0.7071820302361089
0.795019750146212
