0.3096855664885947
0.5097183600763661
0.9978443485707987
0.37995870589277736
0.22873927477095057
0.6436055230211938
0.28024188246071957
0.6888629509975935
0.6856569402431844
0.34029493135289557
0.2128669080621538
0.23655709141856773
0.05005066729557639
0.4038078443693789
0.970093708450919
0.739894412693696
0.9552094416353641
0.49406579926348904
0.17828246757549637
0.3248898075621586
0.49564995817219937
0.271679742066011
0.9036479866217656
0.08507196739104061
0.385668132549841
0.12426659554565012
0.9755990772592424
0.9288133637782067
0.7323694602080435
0.916571290233266
0.9905870665392632
0.5920325229722
0.8412351414829017
0.7385534608854604
0.06127417718257222
0.23974257453359937
0.5231705464303049
0.8984214509869157
0.11104905592575998
0.6808966456807357
0.4094716971032667
0.41236054612331985
0.7395904547590726
0.31112816072868243
0.18257566994765118
0.6515928537524022
0.8226458984598524
0.5174041619071843
0.0747869006989037
0.16765664883727815
0.7864894141762695
0.8735905696712264
0.8426504034379084
0.14649866893982444
0.3014767511458627
0.6551084033876596
0.0728377668550022
0.5116269256947868
0.838302392030301
0.32297750194770336
0.2077483796479228
0.1410133241467294
0.6075832899835737
0.8120493176513939
0.028106378349574634
0.04779565909973815
0.8418695698122153
0.6236645965559657
0.05858723079797812
0.7471933423351579
0.05629768003138713
0.24771747375422193
0.11138184495907377
0.7413305187802607
0.9568037558858223
0.7163681359441679
0.18683368845717974
0.4672754564482744
0.14947676574312674
0.8446656518461912
0.047002593100746504
0.2814484847668378
0.4219010217478423
0.82037797475608
0.7173998058709325
0.6076461743569143
0.6460744720162713
0.5593361755309222
0.9561241907804312
0.1729322904946199
0.4675372176792645
0.8981128856341991
0.8768812507935678
0.5897397119984626
0.42727817648813515
0.38392553585698785
0.7004302957540713
0.11549099935378737
0.23370730937373752
0.7560677763245948
0.5163333725855425
0.18366897482412337
0.6969826978167288
0.6258112579302532
0.11013550176800502
0.778480326810107
0.517455433842895
0.6595949574006963
0.6104921591689934
0.5839054365133179
0.8346929702159208
0.07181700446626049
0.41558153306063517
0.8087794602755075
0.6169202346483144
0.5769586681124551
0.8037799140343999
0.5764645530854091
0.04194096056710206
0.6756898169352933
0.6987073965224867
0.07137594250934476
0.022693095675958452
0.040983057013010304
0.3978564103962382
0.7730901606774957
0.34860282079748894
0.9688717612655154
0.40054549208714685
0.8504950464117907
0.12782897148028483
0.22697454350928614
0.3062581429613832
0.0029540559591441085
0.13764917894705764
0.5678825605021514
0.5099792291566828
0.8697242622034831
0.8218652562126108
0.8458865029002314
0.4553905142676189
0.3706136335294249
0.8905793571890659
0.39372181070630596
0.9740121709680598
0.5731333538725809
0.6718810677810342
0.9714062049580946
0.87258458708584
0.7994202317207867
0.5962481360609233
0.5312101933288268
0.8878293421700497
0.12875723701345632
0.4420459047484099
0.7123038299520597
0.019440550902070308
0.370576101347336
0.8429297205920833
0.2913422452272463
0.7256761568078817
0.28083496116648843
0.4452521178343847
0.697678338352746
0.11426232741260778
0.9368382929161103
0.4241903554358024
0.2149811951987416
0.437575657988434
0.9107526700887107
0.44946932102446335
0.052609600130604894
0.11328247576636918
0.07655799872606872
0.2477818024736158
0.7551896333580305
0.8299828726558707
0.24349774817704106
0.8277818605343258
0.5776828356427137
0.39592181005414373
0.7525764984989232
0.006654077191769803
0.8107719228259651
0.7664945316831555
0.3063771473404777
0.35829364630389293
0.004531852647429169
0.9240960597546487
0.6253351923581465
0.19343722769006266
0.2918282763484432
0.12325770263189118
0.14102159871523345
0.9471956781183387
0.8140041859303446
0.7791463969405823
0.6079498557076202
0.6035622917101758
0.12716850441746497
0.7034871869483433
0.7434219753102214
0.1370895348957436
0.8358611683177938
0.003392068512821811
0.6438263248030145
0.20361773925872417
0.13069081249909953
0.18635969453719203
0.4569071243605647
0.08690186944328915
0.9354342236562997
0.08795156300599627
0.7702089244807355
0.9834223389713982
0.37743984964749744
0.6725201506461266
0.6042584162097742
0.6344822588884723
0.875023515928066
0.5179892430791255
0.07602402769944727
0.005378179384541104
0.8701472783109581
0.9582246830641421
0.5633308094368878
0.19050222089642155
0.9610170698759748
0.564347864545001
0.89173472545418
0.36692802857322915
0.2719729562212453
0.3904317209309415
0.57873154333303
0.12140289979293173
0.5442079481505872
0.20227824040441444
0.427826676822324
0.9719740748188332
0.5092454507981542
0.019926308426616135
0.5063907666141992
0.5174199827268349
0.6802238266603541
0.8835749578601322
0.7768116949870371
0.4771928234210221
0.8495407956646395
0.3768235883612947
0.2590153931257144
0.25989324080010057
0.8753514286591365
0.7538329659405206
0.9846019485209655
0.9629699056012433
0.5563766896838498
0.21024029282163226
0.3038031902574144
0.396771220830999
0.8891013800539234
0.46615653248775457
0.05096521226443462
0.5863446850270393
0.6351524618935156
0.4614025704030833
0.6978423391066069
0.5192389000946354
0.515747709621225
0.6903342729971506
0.8684829550455182
0.523227181581206
0.39346178711303925
0.5895138909184005
0.35505678859608825
0.29003029350645193
0.49586843870453823
0.14815250624069354
0.24865157100654112
0.20308519541845915
0.9706853466356791
0.7761816902057497
0.0934292553805185
0.6493233478585732
0.36870751936963087
0.3389439184267652
0.922172005206574
0.6433088090075035
0.8874987245139938
0.028075760014536932
0.13105665424893587
0.10208039973083671
0.6986645014658974
0.41010175052427367
0.7311004846452835
0.9230260092014544
0.6451315345591019
0.25052381083295827
0.11561921721062407
0.8784792808593888
0.23995329735467286
0.9944387162692898
0.7057941115524822
0.118129789278279
0.5283274961514559
0.19680966239944775
0.2721925555630097
0.3732941717103986
0.4486262024649461
0.6191992070527029
0.30684320953038613
0.7318803281306622
0.9428584419601704
0.16749441489686812
0.36212839102376926
0.32979034900440973
0.48871672813711153
0.7376486700941259
0.6156189671654366
0.6312032930875833
0.8083841209136952
0.2554558290382696
0.13319078498717285
0.1269022999370505
0.43951743863665094
0.6948880516585504
0.7395903839529034
0.5315154256367383
0.2299142650419883
0.8026927518434434
0.8026285534074724
0.01050169784567112
0.26010612277236134
0.3313855495226551
0.4509536650619713
0.8094642372438169
0.41421222770105814
0.7229778252032175
0.757276147765805
0.9083695572536141
0.259573271267712
0.3385167041129621
0.6069968113806118
0.3211320120860546
0.9055575703610343
0.2726844087207241
0.2424276345990346
0.5341905353151846
0.18565409630150087
0.45549717161234293
0.17986770367562432
0.010361791422949018
0.23112955159675264
0.03195597709239606
0.5265219091374341
0.2464498330383852
0.4969514578416695
0.1153104493210102
0.07365729873893267
0.19823921898312769
0.9456924561214447
0.9652072820098366
0.3240091194574125
0.9150060870375581
0.844140754866829
0.5952089746217127
0.11985782613573681
0.7888676836438979
0.7020601169313386
0.2411278370214185
0.32156862281003495
0.006688452662595212
0.7941065940967048
0.7487542305966628
0.36984145758690024
0.37383936942904405
0.6673851548303118
0.2621746635805692
0.4680783334314249
0.825087883472866
0.7898383397967194
0.9124384167015953
0.013359495564924218
0.44674846729023787
0.3975115456008701
0.016481380106109333
0.7788690253461195
0.8410835240110345
0.5225406290245764
0.8419465811753577
0.04679968139991253
0.5354022320014205
0.7388263730782494
0.804691879907333
0.7426400803566677
0.08035268438286758
0.4180493467674862
0.5678196170243422
0.2495163241354883
0.4187764215286952
0.14058420886408973
0.6030048735070742
0.5900410760385798
0.4031172686785882
0.2418879764696057
0.1319803088089987
0.210555658242231
0.3324748810104521
0.5647375704670768
0.9654294046225824
0.3151817366874953
0.5122435505002191
0.38855877701536234
0.6267839189011515
0.7805510471250383
0.39744295341702895
0.23331150803597434
0.5842173941331591
0.37489343882976545
0.3441248153843015
0.47142031984665755
0.4578208443831092
0.15470780042363008
0.39176841962663334
0.3056968289159623
0.7378251095804067
0.7199799304151473
0.7354555055763585
0.3233533435041728
0.4308895794354013
0.8200564882982719
0.18735060993393238
0.39699362376139724
0.2668997978509918
0.09935827490646298
0.7348867449284838
0.3633141634731982
0.78916752880046
0.6076666642561769
0.43157842898084686
0.4992620980525361
0.9718134102533864
0.5408951617978491
0.5889693137187784
0.30533002669339404
0.7432989072683214
0.7259736822980105
0.09844401141562553
0.9516166689892007
0.6693850547092142
0.33451829350257345
0.9886743242527906
0.5671772494631424
0.1371643445066516
0.6840109070892183
0.7482004931395683
0.13579805396455025
0.9185864059983183
0.15856066427450555
0.014208650431669967
0.01634440349562094
0.7545689255152244
0.4633022324792344
0.11774030391292067
0.2182357325330454
0.9439195473575164
0.3647737621762135
0.7973502973031723
0.16982839048112608
0.5653448018910184
0.7336660354817355
0.7474509403921071
0.06905235861899439
0.8910109322042389
0.5976512548469263
0.65645022926308
0.8138408103081942
0.48866119955328147
0.31860398757948416
0.39873050168371904
0.008971981758128078
0.05495646197871917
0.6857744900093854
0.3703707388974804
0.6518434234777624
0.04091658956575717
0.5789033929897421
0.01767435367590009
0.4082280683880949
0.7533072807846883
0.8351796290873215
0.1716891996313823
0.7915579443125043
0.6533767058072707
0.30473806158684646
0.13026440937676398
0.09631418183974416
0.25628958929348056
0.5723974033370548
0.08147867642243323
0.8395805203314167
0.9667030688804368
0.73470407720068
0.9933958382049102
0.7371023169698515
0.045382556184526135
0.9111891729142186
0.8327185887775322
0.8783166671661378
0.05224330210487971
0.8249261201930281
0.6475175396534606
0.9204776987122102
0.39247563974812283
0.25218688076726925
0.5397505180739766
0.3772079761118893
0.7984500390281896
0.7775926689755691
0.17602267403801508
0.2998888023581564
0.8512241186732875
0.16670682589276065
0.7082481140546607
0.3570482668184001
0.7740618964786058
0.8545091969966113
0.11105287571505507
0.18543201269515275
0.4251483706340624
0.31660535125382905
0.006834609141253667
0.11367831383915727
0.9333156935251326
0.47687721574478537
0.2781211091428607
0.46862595408100505
0.102656988504366
0.016712236963298932
0.8213696529289107
0.8425180812038583
0.7309262653603397
0.47467292089684987
0.9714746252277467
0.516688532573189
0.0532617704384134
0.16839550204904308
0.6610433246084851
0.5586030418024522
0.8478748960155356
0.2914341212610382
0.11857316945795926
0.6034777693318997
0.49378005598981134
0.33910958964868154
0.3141740864190502
0.053714656342431555
0.20630751734616426
0.9775653954678716
0.4968617050201347
0.6468389755403091
0.5259242309896347
0.20557150869540664
0.16800984495385063
0.11676151135742086
0.6556363822348893
0.44921495266717193
0.6075234473417831
0.9504100779235374
0.4819673024907938
0.4748806512460083
0.6673031951143163
0.262008241845997
0.5710312136867163
0.20346479367994874
0.6392656943186954
0.7585269146359551
0.3018036359859365
0.03319617754380089
0.6132119622954346
0.1534768252351304
0.6977862364610942
0.7273938470119962
0.3968408230129613
0.3463233390540271
0.403773771181007
0.766790381189113
0.6464457526328862
0.4054126570207589
0.48688975092511244
0.3495655287506094
0.363007629826853
0.5252718957332472
0.6393693731677229
0.9008937748413771
0.9995561192659007
0.9546448850670591
0.510999865662255
0.5813081025097374
0.21223827785844518
0.2775196302854499
0.44405799967622794
0.2248488152032947
0.9168050298888849
0.10456459515041883
0.9895939717589514
0.4166506594204289
0.6333454806181322
0.8487612095580994
0.3317399404937892
0.3345353602644555
0.8513090608489857
0.2538100813716324
0.7789605927906157
0.4149092435215578
0.07320972107586099
0.9791285906695667
0.7150573414886251
0.7092838141274334
0.8270706232285631
0.2379697622771293
0.8504186309952814
0.7687818247576067
0.5061300658341814
0.27040323735325333
0.8615231197003438
0.20240182640451188
0.29860298084980985
0.8894294932454693
0.022866962917454825
0.2553637074210868
0.3381286618323097
0.03975652079628578
0.05445625407391819
0.6814719995798956
0.8332502635236335
0.5927870334507436
0.11733121742312735
0.7964154628126632
0.12248062418012162
0.5949790919839079
0.02450943608611622
0.9211512812759093
0.41103262377362737
0.377724275395781
0.9739998559861504
0.8861954824030862
0.25874425807951096
0.2895467618774139
0.8276251841898735
0.6753797944252378
0.9245789412289055
0.57581192770485
0.1740097104569206
0.41629633998109805
0.8494598024291441
0.8134563914612744
0.9583409634106894
0.940672461818451
0.2886831808587892
0.5736022342081104
0.3233063114112633
0.1694656067469653
0.22103693763346488
0.35495476221173305
0.4539816639816583
0.40324152659794965
0.9780851665576675
0.5927943484282857
0.5377687644609799
0.4208178116992555
0.7916834172841527
0.9346780107646906
0.19523230179558482
0.4134925763013453
0.9938018960888446
0.7804666985728251
0.0620744921307278
0.6008785429298754
0.3484899956334827
0.7868096480051282
0.46962491453577226
0.5410878179841888
0.32974372507479155
0.07043275606695432
0.47916026053307526
0.5512372691466861
0.731332435142851
0.9018608826108828
0.7591607022047896
0.9195577250836722
0.02283939465018192
0.9106382364057407
0.23577231139384236
0.08371338609382573
0.7866247705472925
0.5926522317884727
0.7971031034030195
0.03073132687121416
0.5583177871715423
0.2263666529286964
0.0072912565889990955
0.5723344691451849
0.3953307018143458
0.8858346138082486
0.9753378458754027
0.680038242565747
0.3789470670986491
0.9762189194003296
0.4437938593318568
0.48878641977701187
0.4501261903487366
0.7951244233603518
0.722432097185411
0.19317489387853437
0.9359692403402493
0.04975539841131804
0.25112910469748184
0.34078997444771675
0.13097174555186886
0.585260495484376
0.8162968877786162
0.13332900622990884
0.5921631900554739
0.11348243383557466
0.45990582347550457
0.33941668809337466
0.17990996665251036
0.7738553582790502
0.9325371570340584
0.7024475517654801
0.8444363149670612
0.11415362106415683
0.8796540345206791
0.24929707245432142
0.868879366722491
0.4491263030998208
0.6062217250307057
0.041958891362780526
0.6443071917945843
0.6268060057673744
0.01811688619284557
0.8128011972783683
0.11842257115382981
0.022499610107227674
0.0834367590206182
0.42337893537116955
0.13267454039744875
0.4100885263859896
0.10652174288678684
0.07054565682673908
0.7245304428509606
0.42894764046082867
0.4437054803097752
0.3868166038650862
0.6099906599138724
0.08119489428743687
0.16928676424374456
0.9649382456666262
0.35918627268754333
0.8575171999449115
0.6552825468912445
0.4189762060013206
0.2772837632905163
0.703831374140718
0.9188463720906356
0.9884385051179552
0.9589728945338528
0.9293838941870372
0.6726031009971086
0.8727124309695978
0.4137924642842957
0.3536871525817551
0.5825789892005763
0.45140369581489126
0.786695004933758
0.2638908926307515
0.5043840489902175
0.4161671563269883
0.3536002161101275
0.46026654839332093
0.1609597411173883
0.9739856640216793
0.4060466811904192
0.6896217288034712
0.05100095673937566
0.06882925159019182
0.5383631835512607
0.9829059617845914
0.8988957936425287
0.32485372580973837
0.6644849486257197
0.7702178148682847
0.8385229046423693
0.295865331258397
0.5515703746678075
0.37171887303871565
0.2584572329896282
0.718155017054489
0.3540594073758885
0.8288448701313158
0.890308902010864
0.22397170908030273
0.9550895968578967
0.5530653224120265
0.264727859566008
0.9715406915783985
0.6858605901367463
0.502184125347785
0.6885915970886652
0.18360989196174815
0.18624167332900854
0.6309049257710754
0.23683324885901758
0.23757560409969203
0.578313887463452
0.5749970046154765
0.08477787688517957
0.8456864582630182
0.8091812404074457
0.8098777575887298
0.034926718959445435
0.1743786981881592
0.02430671153850572
0.091467777721993
0.9678709562487394
0.1362823711833986
0.5084925481826308
0.7544004181411631
0.1281715645608672
0.14773239649033743
0.8184610073120923
0.08198442061909239
0.7927637375028026
0.9462987874225117
0.756971279055446
0.7004315842761615
0.1034209360380931
0.822498914346372
0.8852727811203791
0.9926867031552584
0.1441054933461321
0.5985790841269424
0.8761151276111823
0.29390538814636136
0.8353286684113814
0.08675060722813166
0.2980413241546619
0.4693715223560282
0.2060718168349044
0.09246061117764792
0.9684923608494395
0.9097872763959645
0.24058102336043574
0.29470093375111717
0.47609011090439646
0.49982209283709556
0.8821653395539061
0.7778385123731285
0.8081564001218866
0.47610706589092466
0.014992765270613884
0.7369765180291488
0.9096042573225548
0.23350276704302952
0.5063363248774605
0.34563512103245675
0.2916737003301658
0.6396039169716279
0.3674611479531702
0.1897222229790838
0.9762382762356234
0.9283368062876406
0.9636993704828887
0.47870378900839616
0.8406274149275541
0.11247724665203895
0.44046689245518433
0.25878258054242365
0.32247071439656727
0.6137513946976616
0.4118825430432107
0.8244952304047237
0.06494990264111289
0.661556819426424
0.5090091297804804
0.5761138246526329
0.39113047232682496
0.11685518964634622
0.5384194964882485
0.06933678789346842
0.13385573951232554
0.20365316920507393
0.3004401430321838
0.272768099606823
0.0348108301889144
0.2949295264254106
0.6977589109479647
0.6292314960796253
0.941625062460578
0.63928244891123
0.1714367664309463
0.3761925907380371
0.12873072512443984
0.403792442043879
0.6190547141937588
0.9189952428275163
0.5967708723975421
0.5118999685531324
0.5850484269249631
0.7486735067925523
0.512611511803326
0.46884297852042656
0.3642721115138241
0.7138778308653427
0.4717004402295272
0.9789548981651823
0.11853568196390862
0.6682310508159625
0.7523247831860453
0.33657198409473865
0.5974813605537358
0.49548006360708463
0.06404165905157888
0.9867335151605816
0.23372645973099104
0.5678454461293935
0.49683584400345226
0.15715431762786036
0.5876140060854336
0.29353621605646485
0.751744415913726
0.8319209943703703
0.6136015176882931
0.5082650346456993
0.04863097775131875
0.012394244019161782
0.1774113244777491
0.4017592389816861
0.2002415367462148
0.15072773033976405
0.19089015202797233
0.02725908864487736
0.7829925893250878
0.058950297994589285
0.199461342292788
0.40620256759181883
0.41157278066039604
0.6958924309264423
0.12176836679903691
0.7806513578171587
0.49537764922263483
0.3801341527181784
0.9658772531256724
0.4941613235536183
0.37166997349136743
0.9648931414872456
0.6736477438205535
0.2058570769416631
0.8707381764766714
0.1534415974972676
0.11511641220115854
0.8583009033940175
0.9500657458168927
0.2710950734340931
0.5041223101414165
0.2683271142921425
0.09750808718609427
0.5240372398023098
0.3729769297348433
0.3238074364846726
0.1946072677275903
0.7105518045888457
0.8918044324719426
0.02580205571567462
0.06276450551482216
0.36084519551041394
0.6664611649851087
0.590592927478555
0.664862986617716
0.48682585484088137
0.06086223891794729
0.10184197498150349
0.24619377028685208
0.2995301934253627
0.6135467680041902
0.2814602988583844
0.5281999000774916
0.8489873977793736
0.7999453388889228
0.07507875488548255
0.7403464611370733
0.6855844636880984
0.43271977396261474
0.22723936464853034
0.5925820421297747
0.39086626966650373
0.46030057385480927
0.6381081644966609
0.39312007262282855
0.9478471109245449
0.9485281703255287
0.49672872363001375
0.8049813087403759
0.3989723238304297
0.8347310421654186
0.8862563148124024
0.18742825701663302
0.2628392426396058
0.1711934666854955
0.38323184080390005
0.07182196287487208
0.012120035452363287
0.7709461848688903
0.7691295632277874
0.9628301893597956
0.864358521093874
0.13754239392505774
0.21967649122120292
0.9628102904701463
0.5506339286906275
0.5459959151216139
0.5328602838245637
0.38732352950596693
0.15046987128170553
0.6981575132954103
0.8504205202407795
0.8693791264930708
0.6787114909707405
0.453969709288247
0.7535593045914193
0.3089709313755914
0.6040657667477138
0.4470047331416279
0.44256959229043547
0.7402548826439068
0.32320023731060743
0.6424320477472886
0.25308181096699667
0.4136279943970027
0.9632949545745096
0.034161316275612585
0.5689904194113383
0.04629790298378611
0.7550588937323793
0.5617121227329949
0.45665779619731095
0.0622646863156735
0.4830663904257785
0.1845082952172521
0.7244778334321628
0.39369075594809233
0.9417848987137414
0.4735510638972269
0.82173978278244
0.7663985501808891
0.3849825715430665
0.9210983815201895
0.23509876012442665
0.44947775253563027
0.641809825887691
0.8670304793045901
0.08237197774113059
0.38997546146460993
0.6360982997742194
0.502561568246706
0.847520443577591
0.2970048969275809
0.3309395458949467
0.5291577270747815
0.431477248391794
0.9289105528672892
0.5676107254836951
0.5668033373530145
0.3990415198599516
0.5213339001006787
0.32019461946586836
0.819111229704608
0.7660540858669954
0.5840781631799788
0.8633200929026879
0.10709429671327608
0.7231812575519418
0.8272928735520109
0.7999005536789864
0.47039239063751004
0.1381181625851995
0.7844862768796216
0.2545962108929699
0.7605983191745391
0.20121698480390837
0.9804235527364076
0.06819508567458432
0.2819365362580094
0.6086613943942311
0.9103136369652439
0.8438692275616471
0.35012064867694737
0.7244916136252044
0.9651851478461797
0.4189377862484561
0.016534296456758857
0.16382917559231625
0.25683047358764033
0.6155034710858476
0.6130804245674978
0.543703326344187
0.07838819516653084
0.6145705139121687
0.9165885590082826
0.4591196764819201
0.9239140527750552
0.16583167292516277
0.022832440588383296
0.8556742166168118
0.1838304709024171
0.12457000952530406
0.25654626125052127
0.12525972236421556
0.6481731790059565
0.8043305562539288
0.3566710311135496
0.09444407822251755
0.9113582305122812
0.3017585406585116
0.5000223525641647
0.28821067209395956
0.9269024283185003
0.14736581929316428
0.005723796654354407
0.008112873856927272
0.7312442495136795
0.5151475470163976
0.816663521340876
0.43004156089266676
0.7916398318134341
0.14827419545280096
0.35032209418344196
0.7199151088684945
0.5191659108639641
0.14097066075207698
0.15536129734502246
0.5737578287738042
0.007492717826102835
0.21352608437848175
0.5963815490110904
0.25848437823450776
0.9138582029737844
0.7346409264613163
0.4130098853415194
0.6432694612061484
0.8401877203945954
0.727542482983824
0.016482399527185
0.3765986063080725
0.7478286608166054
0.5572191447384909
0.5782302886472153
0.9007945083534049
0.5732481654072719
0.6890534269631161
0.4240315416595156
0.9846910463270778
0.5970717739205343
0.5185709528485013
0.3016923330648379
0.17395755422977144
0.10325617863698267
0.2610296667609837
0.7944319470354072
0.073548069452403
0.4033774487929842
0.2545239785615019
0.6311435119435035
0.8118491524621597
0.8321976393828941
0.38451323124577186
0.4313290099163246
0.35767626332329716
0.20891076336740988
0.3991801920064203
0.5884215975056991
0.1476150381697945
0.036346686827551045
0.8159374585636642
0.10235021673099887
0.13633626754191974
0.6130882265309648
0.9111337230074492
0.3933182056616763
0.7408015703226697
0.6583908874342106
0.6547805276843874
0.46292849220805043
0.14926165700103833
0.6088675959487267
0.4619167147488591
0.9765684824890912
0.15600445744150804
0.14119714308699438
0.3470796946204249
0.5662344051536109
0.8944801663481577
0.23812591780729075
0.8732372502629541
0.6689011758510324
0.8300648263365652
0.7266480443320863
0.7151928395634446
0.6929690852449093
0.3365105227832015
0.5492502280819591
0.5003434385053764
0.7069699593778784
0.17690962013900569
0.17078805004005815
0.5520898355858732
0.39858151752215976
0.8956555084603617
0.20754903037333616
0.9688747105820901
0.9888513325196356
0.2765708769721691
0.4415043781554475
0.001658470506307852
0.9011025037541627
0.06919834369827804
0.22394974969839287
0.30850644245047865
0.19783360532805871
0.6374840947362805
0.11317470371833216
0.332514480189108
0.3136106634775563
0.5138038688993006
0.9401083096120204
0.5192567962302251
0.9154320691976922
0.8219513295045606
0.15258153855290812
0.6801162027884887
0.3620176331870314
0.534678994809174
0.5599355996027625
0.9067616915591956
0.8659779678851538
0.4816578843957734
0.6733251904110938
0.776699169047917
0.7985979116336418
0.35971710101324883
0.34678701822400126
0.1908793108045017
0.9655398490177144
0.43310860235333337
0.7426877058586016
0.4515590917916199
0.6291759670350816
0.3074043285297835
0.045590936807156646
0.5136960719400165
0.5146897557698887
0.12939095829999736
0.9712040708156167
0.4189584118770793
0.5938528680620081
0.24935170890070046
0.1816006597773846
0.8773878315975413
0.3532648841014646
0.956700398124982
0.619962700796805
0.33886193355497063
0.30976386747370055
0.8908801248041666
0.9147273158776104
0.20828345386410718
0.6313305570725561
0.6824200710134883
0.5814495813937386
0.4927104996173912
0.21699708866855383
0.05959455196296992
0.15960379079041442
0.17504441507650048
0.761368522517693
0.3975192379767354
0.32476217876871905
0.783827967674557
0.8471351546256767
0.09345412247740603
0.8202096124959348
0.978994234255782
0.7399393036512849
0.45634440660443154
0.09139118345759623
0.2692475256325174
0.02233419290150862
0.38351128304755633
0.1648127532874344
0.9892857092977284
0.17021223789856177
0.023738428816234336
0.4821442657314018
0.8698821359136947
0.624159595073009
0.7312603365653858
0.6108432087687746
0.9291479610527579
0.9181406166752887
0.09496298689555749
0.49105287762340366
0.005267226005652215
0.0645255336062438
0.3606919668908206
0.40873027028752695
0.6939619496447288
0.09180366139070695
0.1508932675467194
0.802868485036645
0.03274261348822893
0.8449847540667932
0.7295331902317712
0.46302649683701425
0.7286085540760368
0.47738683247487124
0.940568563360953
0.8328732868081568
0.23853967940351428
0.5882374170857825
0.5177519190160987
0.7586693279997497
0.7222263012707476
0.31378674048390487
0.6520849482557702
0.9468785684173348
0.3316911610295574
0.5571303404514144
0.3395765559226265
0.4581339275979487
0.6137827632261069
0.27128696237984096
0.35102891819381343
0.3992345310091069
0.20759511653038476
0.2972170800570857
0.8375264033629723
0.542995685148882
0.5589017766212597
0.029707593318218484
0.30891903471012017
0.844256471884895
0.8354304492703155
0.11417923371560945
0.5583197690073465
0.9632978159842553
0.22406105295887035
0.7821189625237982
0.983329351528215
0.16563716940383832
0.3158221462290368
0.5506007685536423
0.24357011021003316
0.8769602635024702
0.835342859198621
0.539149624611679
0.6650151594466682
0.3139626012919854
0.2924129133347706
0.6114076636064755
0.5361649433993301
0.2541853741854001
0.6312893727599423
0.9284919071904904
0.7462484709076241
0.3344481403219879
0.9961211820611107
0.30228348316086273
0.6941007389741335
0.9064053897772109
0.999459933344751
0.6682010460552421
0.8243220505150223
0.1676077710387388
0.1192473718539101
0.3999568603050767
0.5240702100533507
0.6453292038828109
0.5729266212484708
0.5381390964664955
0.317246768303198
0.03127938082294601
0.24376054721911555
0.386218713680765
0.1462273049116828
0.4191145967190817
0.9528213376960292
0.48711862427985053
0.945914196104166
0.25508739960742055
0.012149064669644272
0.15020086756708306
0.6466990272011716
0.9980583879279635
0.1640623689965205
0.9490329080357915
0.03368774079803183
0.4287024684127878
0.856426870653395
0.6955421226410347
0.6246976429659383
0.35122106605009573
0.9602074651266923
0.7685694986458027
0.18132783281669385
0.31483519414521155
0.38129897948489133
0.28620138946363405
0.38765410001933165
0.8717324709079401
0.5103041247770967
0.16870677526526312
0.08221674107658472
0.6374339505354109
0.01758310719424394
0.8703171591961419
0.912340769856808
0.2817123657661452
0.2896589747097005
0.026405131880507415
0.35069469493577254
0.05376054059019686
0.6337310496265545
0.3114513908027754
0.9960401425390896
0.8927278343887766
0.05186176466258219
0.42931589786199675
0.715997877067391
0.15506571991802143
0.2717635157249546
0.7480614535749721
0.8109249240999458
0.5326441897490525
0.881057463938954
0.2301767249251675
0.7120124677033125
0.23259424488400848
0.6481798919869078
0.19811290806762205
0.9048721742638646
0.26095152856157766
0.6355859573663006
0.150574131454564
0.09709795001792765
0.5636797256469078
0.34805090164332286
0.8808829449991425
0.07089142966479467
0.4989429436493146
0.443594988741154
0.3012394442336269
0.03008053801525512
0.22623988043052423
0.024856385356045396
0.7294070095848915
0.7532907199899201
0.44929372955355673
0.3688259962849917
0.5813481578557324
0.5114498371765582
0.42957773192399396
0.2151954134186549
0.43522925474625207
0.34126529234732605
0.32765629610431124
0.7974679659443736
0.451390496011432
0.29764963131711497
0.9881375656497916
0.3712741498301033
0.0577846095385649
0.03385394888990767
0.3733855149907329
0.558797507080797
0.7727491568481224
0.20947841712564963
0.838328852235945
0.912990089666718
0.4893524849526203
0.6258904041972946
0.3272833251220775
0.5581941607979399
0.11671409028798196
0.25858738797842384
0.805557032561676
0.7883602885425247
0.9947448871532524
0.3384975831772783
0.8038031332795562
0.16970714162270917
0.2309678539773845
0.7936670517114528
0.9681900530525419
0.415375912204331
0.030943110680799024
0.5987221079397214
0.2971877810484278
0.5885047047817085
0.16078963021795
0.0009320865461948102
0.6841698911549426
0.8114196584271147
0.10986067256955301
0.4102980240884001
0.18354373346039232
0.11614275687656828
0.4049227436331838
0.8599740532805936
0.6057652727026906
0.8325527571006859
0.538495198287469
0.9951254252757652
0.03423540921821211
0.972096135224956
0.6729579928913373
0.2980798845631676
0.9659490345193421
0.9528758614965508
0.7284129238367899
0.9230936990359332
0.2783896966207552
0.01708939212778504
0.8205829819780527
0.23791769561367937
0.9555463593399355
0.5769528005006929
0.4614761049183119
0.9810269002079088
0.962152850948516
0.03710078754018087
0.0819031935633523
0.7496205087565334
0.3559518454703662
0.6525759203421534
0.9598120063377114
0.04708673143692266
0.8164680009596835
0.08047278048804352
0.8242185575944974
0.9914001649811401
0.8069930312830373
0.6929516110229162
0.3839213862787555
0.8081504261870417
0.9067145785238712
0.4732930596789049
0.9773730226201254
0.005833045887451926
0.4844157315323281
0.5325487643826665
0.05539491417608211
0.6124529067521787
0.5400622068939988
0.5756874281421409
0.827877781668526
0.7051950127441655
0.13754149391641068
0.1869427977192365
0.32610522258889185
0.7815928454727169
0.9269910154558053
0.4106160779923128
0.41682274841563993
0.31694748328102984
0.19078225503374324
0.06136000496781013
0.21370814095221025
0.8269175960949542
0.7346324453321975
0.31882965227596116
0.0532061973296416
0.9181879645794465
0.3482234882354329
0.6362489535407867
0.7498985746481325
0.6586836280478555
0.06881204597338997
0.9768676198010954
0.041317412480684546
0.2609597330601433
0.5450786194417435
0.8438363781338162
0.7468446912701404
0.9280140030242113
0.05762466699532698
0.37990650197109854
0.12070244230925242
0.9986482723346147
0.03859092212331561
0.41506273215144385
0.8304128551142113
0.7121317503147294
0.9900736294856021
0.5281942468762397
0.6861773323909997
0.33356793644741856
0.4960548117126773
0.4485529894779975
0.81303318811109
0.07403565330213491
0.17148895233371142
0.6052281832081619
0.6761770992317925
0.9218196750836771
0.13601138377783972
0.4222740868686393
0.06458705351213423
0.6847921401082129
0.7498032109955375
0.06647020067517351
0.6169288771265388
0.23757398642192495
0.8107380530798303
0.27081203057430014
0.31016430525901273
0.7200061319434332
0.31949167234885045
0.9638217686785704
0.7693276573561889
0.5390220952286352
0.08032119924895975
0.6620309782852419
0.46027483085172816
0.9551615375003994
0.5580904102747625
0.9975271496927718
0.3801518056073665
0.9487552795416633
0.21612454828206473
0.6740466584325865
0.585088247661224
0.8179224885110273
0.9652273294306134
0.5658120426022549
0.7629448380648424
0.052552060278782564
0.10856212010349786
0.7117420432477013
0.7347836429684308
0.23533036107239547
0.05273943935012759
0.9133319494321658
0.08329112291966823
0.5635115514342719
0.7978651834379179
0.8860088615219524
0.7092024089959211
0.8464620637244871
0.4686472785931569
0.827883196096432
0.1557800096178713
0.04950900075142972
0.023671782991737222
0.8152653423315647
0.9459943619354333
0.5554123327145943
0.34067083974182766
0.5180547872753436
0.6893565035405645
0.6494469433821118
0.41174865153133855
0.8459936673962393
0.012085819439227041
0.5861223586849842
0.13799454618312623
0.25448048730798734
0.6131287448787753
0.9213752240237976
0.8578880784655627
0.6212381571164038
0.5683269490168705
0.21885391282154742
0.10077177420560723
0.8122587064685158
0.5021860081618483
0.898861757370618
0.23783032381391678
0.5468042018525093
0.5329054040582872
0.14544577596086916
0.9175310736688386
0.7878536611880045
0.8567533390465537
0.5329416342199779
0.1287231804066501
0.42497404381578974
0.45690824562252785
0.5264195068810147
0.9897679004738623
0.09120751826576978
0.3473263110112106
0.6829676129218676
0.5150599652870196
0.9955218050080298
0.5976667040214488
0.2149105781618974
0.5038206205826918
0.7676618543604313
0.9120101592062339
0.2893103617860723
0.8478442726348911
0.8762406040569305
0.7417052001281236
0.8469692985331295
0.22929852941060236
0.517012086656856
0.2185931018151005
0.11820659471024908
0.6564541576903175
0.3362701940667411
0.2249413578033973
0.18175622331424046
0.057283605195311615
0.32172776646613
0.7756360178041627
0.24277126770274593
0.20236642236777114
0.5577314099290714
0.4007751159840217
0.8610120407019104
0.20131370570245488
0.41868219816593544
0.20274113313913822
0.25370911453151546
0.6583368387994469
0.08244064685702446
0.29399190087455596
0.5665309829327798
0.7696818248421625
0.4851084296518269
0.038406646873269334
0.06430964236116532
0.15445605215787606
0.5895171374259621
0.9613241110571717
0.10358046883079075
0.6467038290663298
0.5280690604172621
0.5257467129555347
0.5398338339704871
0.13457942034966974
0.6573931884834195
0.09821740915419275
0.5652698747393125
0.2937264075908723
0.26472557846210387
0.9616220900178041
0.8651254915472123
0.7643982104451779
0.4553752855580452
0.9551253095519816
0.7060498974595046
0.16406124810673728
0.4421722741425078
0.6801891551043364
0.5104008468071061
0.4482125882620822
0.14005281088262744
0.1561279370143408
0.16524927476550821
0.3847631799611536
0.3849649812392174
0.32348064928825404
0.3509911492866541
0.8198355889319724
0.837867686381011
0.47158689404004583
0.30475790018301907
0.9479010436546375
0.8480529514765416
0.9020919419930092
0.8636964511651303
0.20038637524060532
0.696671121896328
0.5984321766004849
0.7040503994308356
0.8361669665099286
0.20930757063888894
0.4881785443431642
0.6985088435010735
0.9375297872942987
0.6988713424802128
0.5006624755611099
0.658992058504869
0.7608414801545823
0.461044953223844
0.046669575888048875
0.12688961336555005
0.16278744017696378
0.17441630533837182
0.20863813288687427
0.46348575763116906
0.34933336002174287
0.582856505767289
0.5985378632361353
0.9281748316437917
0.8148030674370889
0.035458356936345914
0.6791287530592134
0.6719374449662266
0.7463213975338757
0.6832988391702937
0.36721433527372593
0.9143347582370054
0.9264581925840112
0.6903099707308002
0.3677680377157079
0.4963206558503934
0.9414210179037404
0.5910820135284698
0.9558818508368708
0.370414177847333
0.48915647006764595
0.7198689196807239
0.54583390519496
0.8588803195064436
0.42581985150019663
0.33665172741491467
0.6674280865721361
0.39442314461449046
0.21143623229883857
0.5408179192827463
0.7908244207840083
0.5370784198947567
0.22573084401734866
0.4962610494118629
0.8872770856249734
0.9552326261750725
0.5759048986162371
0.32407910622521674
0.5300976120349602
0.40490461012756673
0.16123032590896624
0.12173873717879546
0.5578434347094463
0.5116393388127232
0.3809205288050449
0.07036001038446138
0.40008685554726886
0.5603926491494794
0.27088737621681636
0.8060686361339869
0.5022702229148981
0.15442503663304352
0.3056728325916718
0.32901215091607217
0.7331654757323368
0.40724341660146246
0.5417871716608761
0.3912841769502292
0.3025789095181469
0.5037870784698941
0.440735981187924
0.9486363593985669
0.05847861456108017
0.25423133773245
0.3306057832493505
0.006459466175550488
0.8958317136846327
0.7623671147894893
0.5415944237596257
0.6521061311318728
0.06899394767651934
0.8453306874853485
0.956622081929542
0.3550010334976069
0.5672937340313048
0.20519542267499946
0.3357260121497545
0.4939032484614261
0.37060028550093715
0.5813532044144522
0.714702802076999
0.6476007964197498
0.27826231110798405
0.4294491653480139
0.35397162133227866
0.6969413648412544
0.2667039547138117
0.8182430603558634
0.808085784223338
0.6436044091077608
0.6839115589109064
0.6652066624816565
0.7131861470407546
0.6593291952614774
0.48487778757860034
0.7834978716097035
0.2955728738206732
0.774606410656962
0.14237077539252452
0.5373232870738366
0.13357093756055882
0.8386955373441785
0.1028052799486
0.078537023915906
0.9576316135470665
0.8304153857802506
0.490137861132928
0.2567482865069658
0.7839791984152632
0.7885123140491417
0.8202125954626323
0.5611930342427037
0.07802547394414228
0.5536618602956924
0.06141084158121224
0.7256781797729225
0.9281544913122775
0.2967592122058823
0.30642777677327904
0.3155372208976309
0.37620877588024126
0.5452744770929083
0.9998446352211935
0.6988612286267032
0.47816898112536843
0.18717662007023084
0.21808195697413368
0.36574232635531156
0.7309824333831083
0.3694650505558924
0.9542057592439518
0.7864627200962274
0.48365956639834384
0.7287608674958966
0.9119270585272712
0.3670541947103838
0.5020309269483592
0.5735382906589641
0.24463961889788466
0.39120085055733445
0.6540603980331966
0.6488556563971707
0.9624805083435949
0.3056021496930862
0.41581346663602625
0.21516897889311037
0.03687695570974647
0.2621366925331019
0.3646993437218107
0.13806342133971183
0.011192590357786303
0.025471638364694904
0.4838357134623601
0.7509658311931298
0.7067300011075605
0.4971274865056965
0.23689938456701143
0.27546363700975074
0.6183118477630511
0.5438661986718504
0.05765806491528702
0.4709338074760997
0.8785166549169916
0.10846537421285629
0.9185833223383242
0.47206538645272944
0.6041665701111615
0.5011938301348005
0.3430054118874236
0.37129709983269255
0.22036656829876589
0.7396156451636717
0.263371111637835
0.5224330941535058
0.22004946217001353
0.9029935217418954
0.855841075835899
0.19427475536297312
0.09410742840596553
0.4632482722772939
0.11319215351134093
0.12890852126563657
0.08524763379060618
0.9665683583841073
0.40828540753496556
0.534021493710144
0.7770075481883567
0.024605843043244868
0.966631365943088
0.0915799131930436
0.013837397966012688
0.5357802026215055
0.8456151625184202
0.01972398753106952
0.8564027045637175
0.4893505976068885
0.44525816665521023
0.05252788784802709
0.6617551766831432
0.519292908036881
0.5604987515280005
0.7084361972883918
0.3397202141825252
0.5843801945601423
0.311788938924182
0.07414457886112624
0.8056174449366927
0.7237738103793327
0.298385530335461
0.9808210844331015
0.47657869381409557
0.15809333162937522
0.9784524247773767
0.4941647068487114
0.4130525996041673
0.31123917698018566
0.4171083443933209
0.8417209676288816
0.3319897216175648
0.270159330558691
0.42426833121106367
0.7504733201668321
0.49212789344626007
0.6088276045189536
0.6844577547498218
0.06010789131432648
0.3759990650775592
0.5947191615616132
0.9575182516676887
0.8448960978881781
0.5210583079721772
0.2138283746977293
0.8950179037981962
0.3932948138721205
0.6530179607509724
0.65229249640101
0.2544689795896993
0.9511336076813428
0.04160588017476141
0.812778234984399
0.619821731550181
0.14116030946452685
0.18578120301000955
0.5681888510860328
0.4297154874162219
0.29016176873724897
0.41506068528304485
0.38402352662145656
0.46669364255998946
0.14860395859618125
0.7226310993763776
0.6095680343918327
0.9027888063307382
0.2651848012935417
0.9213575101977083
0.969862866057019
0.12946015479446438
0.4446812606555335
0.044616051439082205
0.9400254857700703
0.26260335270371593
0.025872548229172065
0.21053253656372783
0.6731456789651464
0.4999294679013463
0.3800348744099643
0.8436959455631468
0.027854908040894966
0.7470051761773943
0.5278418726406935
0.7700221962838611
0.8109982753155205
0.3831929548502674
0.8116784017430017
0.34700572290208365
0.3777842104414093
0.993461459450927
0.07276654868326937
0.9479397193005883
0.7885565020521341
0.9203086920342193
0.5590272835425927
0.6026871177398532
0.031067853127345724
0.3169334923394893
0.7925291581643912
0.4402832633679228
0.17468605001262283
0.1316908235495714
0.024050159614038558
0.9583079800025086
0.04408613610036771
0.9341231725743789
0.7519791072454451
0.13332021477420408
0.7103152852304562
0.8356945237604743
0.656298637893707
0.19567194622126527
0.772842980088685
0.9283182960575375
0.56384823231743
0.4719506466243507
0.5144434762797641
0.24685538281127817
0.9634915561445911
0.18585882804615506
0.9919121257666815
0.37738248867344426
0.000979059252820269
0.19363638434830843
0.8935914328075691
0.1421659271405291
0.030915960365791584
0.3569977991079112
0.7153487350315398
0.9541304753690986
0.06059670485590818
0.07074560691510057
0.6282515425960468
0.9980115793275587
0.3247688188491247
0.9994070254240719
0.0934976067740263
0.7098209794699295
0.35264974565382434
0.6577704490039918
0.2670589278554999
0.572224970989215
0.10360127510583927
0.2917334245900126
0.7146484206261992
0.742741997159955
0.030445588697106785
0.5483389663584003
0.4850406353547775
0.27945319377308997
0.727969777459468
0.44563236530508465
0.7029700795343529
0.3504558600083767
0.6156131067782976
0.5752285884637036
0.31227207565168347
0.5106890216650734
0.7895669391682255
0.4862313901605374
0.7926487013147322
0.5725399721581321
0.6178326799234214
0.47815404949151563
0.3101040451835373
0.4804942296322058
0.2522662702141487
0.9670326501999205
0.19836005812179103
0.2651911141949602
0.5450255742900791
0.5572165519799189
0.8481920337522207
0.5599827326607546
0.4434968295571182
0.6158890300913198
0.38093307149449107
0.4226957308703351
0.04080867827360679
0.015249075186096639
0.3004705365250744
0.37171378555812706
0.054005167630575945
0.7068611826870975
0.4678124094625401
0.006566173995707247
0.7310152255632271
0.6032472418767156
0.5184488992085331
0.3049428186332781
0.07326604770169132
0.6604875552458643
0.5597409700219024
0.5647893432687301
0.6900497448736386
0.19770078155180915
0.4156163905075255
0.525529912318629
0.45496984702066134
0.13798906660824928
0.4674380888785227
0.4124569478516006
0.2726324267711523
0.28731413320809807
0.9639369118682957
0.5746291533991006
0.7299083556066777
0.29439325661104654
0.5449226259322255
0.0755658215630397
0.5545834920871017
0.3040486538294316
0.6017585730786493
0.06767202286621576
0.7952711035711723
0.21622358433310096
0.3798846844846875
0.679612879503774
0.9423338508816143
0.19794014768054902
0.28164071706879545
0.6933237622212955
0.9485979024913391
0.1797179502719043
0.7035731546524758
0.006926287106937212
0.1269015667461154
0.5600763509058152
0.11874094403436353
0.1490428954539209
0.9659522274191359
0.149486701169526
0.5147508744678392
0.4977265727192768
0.2681907043314655
0.6412311570849778
0.39460970521286565
0.5447646548954366
0.8539973533493355
0.28177602968101434
0.35471669777469794
0.7284280943973214
0.4741832825008384
0.971826801415901
0.8122008181630093
0.22872484455753017
0.45144898922805443
0.07767127846338917
0.9764622608861935
0.9360508850792943
0.46366101834922313
0.0033207465485842746
0.7877707327710861
0.5881406670686252
0.9119938222467536
0.2574840006022415
0.8198094265094095
0.1650440041865785
0.00332851722588845
0.6246236323298825
0.6762578463543716
0.7912794641749297
0.5733806895553617
0.5969605875766294
0.9975311389357482
0.03345548138842891
0.38666535279444425
0.9307825192980653
0.8540709538689615
0.9983817473946618
0.6645992891078376
0.8109659715550147
0.08015368901508768
0.06626398184979154
0.5934928187718844
0.37970363644137717
0.7112137317618415
0.8569741941412565
0.9757167301442827
0.6331551855234224
0.8842625306518389
0.6459558487589122
0.6092009338111273
0.5283987570480047
0.36833727844771624
0.733267155364441
0.1903421595736453
0.01728127743290353
0.4971865195178865
0.7832147925898573
0.16459179979450178
0.6061560178378472
0.29097762914432623
0.7944191638158623
0.4579455142742369
0.27184546300623114
0.6853207857118363
0.8977710848816879
0.05017509177860591
0.41406019153901763
0.951127290258603
0.581053568239362
0.6836044661099704
0.6753863100713425
0.052260199601893764
0.002153600358408836
0.40119634038732843
0.33371651978757266
0.25322937644843213
0.6384254290381357
0.38644793267292366
0.3270179227875196
0.5286556694136292
0.5239060966185796
0.10879051482539659
0.3322580541976873
0.15404215119459108
0.00292973698546517
0.8420028017985826
0.6119067524947207
0.6046761831303659
0.6239268248201718
0.39199080658412555
0.7799199839510056
0.07935818717905985
0.31784665083033337
0.8850603637589776
0.37347799836543516
0.1247697558886468
0.6410840352817962
0.8228202038909977
0.4086988420355103
0.3200657308970114
0.09097095930776045
0.7700382315520629
0.27367010983010487
0.5731839277530921
0.23144093347369143
0.2959783095604043
0.1422683667521384
0.5944460790768727
0.7819650705685913
0.5988528690613603
0.13067093587708511
0.28515517676549573
0.8663586140005282
0.2999150583410437
0.6995471716570623
0.23960726929592924
0.38108953753084474
0.9233233200414739
0.6315311275479666
0.7311713314764003
0.6320385366675765
0.18340309745595218
0.8102144754727516
0.3174443721224042
0.282760325602056
0.8443199898827741
0.45323413985614736
0.5886368061705632
0.6655187764133
0.022785975206667808
0.42164439448647684
0.3627011413633534
0.3776469612752402
0.26433555028520195
0.5947434454407798
0.3272982490096068
0.06338746024858277
0.5208457324884972
0.3808452121221436
0.6675784122829371
0.23642399914787826
0.9038795038042653
0.9204539308558242
0.8329208135499451
0.8084881021847375
0.31234255427978896
0.31870215962021065
0.4675817248760351
0.4921204240530056
0.6535177291058822
0.12232150534405717
0.528884638479318
0.1179470983050821
0.09910296401332896
0.49665956491230034
0.9343120531662246
0.35655428947958445
0.927995540847685
0.096378368117359
0.7280379710293127
0.236607907303923
0.05035843507927895
0.4540301828233896
0.3106833950001233
0.9478116160092046
0.5512511997186987
0.619810272412546
0.36242994025555175
0.9796614668093778
0.7017849401873167
0.4500524860572023
0.2048778843153729
0.11572465446424662
0.8563007173003468
0.5459119428254973
0.6884110395365421
0.7726249438956753
0.47054743835358526
0.6549618766476119
0.8870163577146603
0.5962179612227544
0.5772001327285569
0.6094754056728187
0.4317937000282728
0.3561022779226324
0.8518196859281982
0.01142328713841434
0.9821172561538045
0.9805566469737023
0.17997452799468672
0.445873861977249
0.4136719332752963
0.7739793412122864
0.7771172951297513
0.7665802135688242
0.9965416690251082
0.4490352624916356
0.9302091542285742
0.8721677455871072
0.17898253965012745
0.6177540047658987
0.19177025131453995
0.6600507756795492
0.09161730527434908
0.5841204284860145
0.9281073648253556
0.7060874219286631
0.03374541663091579
0.9635828674222596
0.43965124473937556
0.36100116823666717
0.7326537574954651
0.7894132959736508
0.9619178402174074
0.2906749399953179
0.43736313035670615
0.6345151510066265
0.27432521706333757
0.7899466784094572
0.5440668515097552
0.5178866806634929
0.8557791239199364
0.8471894392556283
0.6784450786998296
0.0701372086595935
0.7549102424545031
0.2288658293058179
0.39037260375425664
0.8292382776506994
0.2656245725826917
0.9055287259335539
0.23413020117979633
0.4596441423369616
0.3643024892607447
0.8333423927467299
0.49074484165549914
0.6338290538232918
0.9246337296539251
0.9247626943441685
0.09740228662647399
0.4176494291477414
0.5941838080814434
0.6401117443267179
0.4281867245138712
0.6394546996545122
0.19381117998762365
0.7181078278516886
0.6171708245981362
0.1819928505176317
0.5600718768747971
0.2222836461579054
0.5444690318594935
0.5745925820655466
0.2587293598378353
0.8431497158606069
0.6766840490211998
0.8263107646308243
0.2336341438260564
0.49572017084480313
0.23437111466811456
0.9992970122781053
0.5430901597938529
0.9287518968297171
0.9167386684149195
0.7530296580296396
0.17118553758161115
0.7234473439752258
0.34474977906421533
0.8957133355685438
0.5250773879809942
0.05374004975904456
0.7233125882593853
0.7414720588006147
0.11426784761420372
0.9215643362006283
0.6029436539459444
0.5889024972801205
0.5304744097956798
0.11756709550864153
0.11605611899800317
0.8031081924176046
0.18483558007632672
0.6452830016259712
0.7263479913719305
0.8185975213320095
0.1537129211789936
0.20893181959802232
0.28692417670708403
0.3184780546507938
0.00375817030308756
0.7588109489985208
0.7807457906218302
0.5344146670260637
0.5416876620372016
0.45710033801766603
0.6741700618057864
0.466909947464206
0.8897313553939787
0.3669429169502114
0.5998723866439811
0.02578579705050721
0.6569214493491409
0.624578460407963
0.917513584263328
0.2888864821306826
0.17199556956894702
0.14053896964761214
0.20430506247973745
0.21500625803285478
0.4687418881631188
0.6910551074672051
0.44287323976067483
0.6028485108124784
0.1861160483513491
0.22236074740849332
0.9115133876642779
0.22371195745515748
0.7023729478637061
0.9832912171057427
0.36610466543192455
0.32305496918945875
0.16242729406471113
0.6635484211639547
0.6755945932599614
0.5516671105849983
0.2942925813670926
0.5002796058535658
0.9102238153540289
0.30380090616708877
0.44815738604146793
0.7659711429763522
0.4504709764081719
0.0036877852236790742
0.7902396064983958
0.11682980977642365
0.4368307424258946
0.711122608877315
0.01821474803125711
0.9649865439174132
0.11291227937867265
0.739285988247536
0.27363735394023603
0.70787715344294
0.1551197607630631
0.6404062812174179
0.34484773569646165
0.7837964674553435
0.6740370894357925
0.34474661388795325
0.859092881894955
0.5339802494831567
0.17455858822132653
0.4305521499969698
0.7721389418906395
0.567668503600406
0.9671374178410987
0.19079261059564756
0.5930903581345497
0.8279143336947735
0.3294447204922124
0.9901953349245697
0.5392441414961451
0.8455124206301571
0.8560243023418437
0.6891731957471066
0.4759273088758492
0.4491320282440824
0.2624180084692864
0.45533143282834876
0.45551303030158374
0.3387091976273229
0.8616914869722477
0.7367211996017742
0.12804050557103497
0.16307261710269716
0.5486022413448729
0.1635029186371738
0.29263592207508715
0.028628005403988466
0.9381559614488559
0.9573710620738665
0.79899154951066
0.36171178362595924
0.3842234773263872
0.6439556076731358
0.14192079046660577
0.4320834978192277
0.5705776774143637
0.6936573873191845
0.5042728337333797
0.03578617767808834
0.1591946622356285
0.5389430311444611
0.7373514568680483
0.183117016852115
0.1492265151372958
0.794740238379413
0.6327707737166655
0.3786274136933482
0.7696090872839748
0.47738953850735344
0.24878521021357203
0.1867105027920345
0.7149402170693049
0.01637714072689833
0.8354983193995043
0.7753778254267792
0.05178484809046158
0.35001378508369296
0.6114791741252578
0.3340568563204659
0.7534041646539366
0.8736616417574439
0.19627373508548418
0.8213263090988272
0.6717752347548536
0.42794253266464066
0.7379931416994097
0.7316095036778619
0.5621475596971147
0.6182135310697364
0.7911198184222861
0.9339682544913082
0.6940758390644528
0.4332016866363022
0.5773912244986352
0.22348834548378327
0.025507970378218836
0.5878598794433622
0.7326205554272871
0.1457759781607051
0.7222763023469528
0.6958646661592099
0.44115849188433043
0.2609561571254009
0.2734264348872091
0.9742465670948038
0.15203642835361741
0.12042504560634981
0.017681006648207154
0.31538578424681085
0.6617530270718694
0.09995662153623208
0.09144720085748737
0.19195139762569036
0.5081745754172594
0.47952223451712195
0.5802689494049721
0.3937643075448941
0.06750202986557985
0.4460355927873516
0.11892751260054046
0.42531770808950553
0.31066756115643346
0.09040871889219593
0.5068269710780965
0.9427464182303547
0.966524910291306
0.16692846240124293
0.3187978724318563
0.07296442790430857
0.0882207346444136
0.08740747796922199
0.7258472677236557
0.6518592419257764
0.6857183068929502
0.05069395253058895
0.6181056243008205
0.037150540787943
0.4825279882418303
0.17332382149954895
0.15914957228473103
0.3038731234694433
0.3982057310617574
0.8734798225660889
0.02292830358664455
0.6084370976679422
0.7186762189521831
0.5792554264160632
0.3335424439991316
0.320074630492593
0.15008229658263517
0.7603610840734899
0.06389984524238812
0.6794173579707665
0.21042878155555345
0.1329375109135661
0.27833922577913217
0.6222326790196765
0.21553228305833172
0.39076011600244287
0.683247696414876
0.12710328169269192
0.08721293306220212
0.07128668061782983
0.46178053101605687
0.9536290773096592
0.5763483528517204
0.9526871812290264
0.14070127511367814
0.821927978297605
0.9601405855527261
0.5994465883917004
0.24721436182461642
0.8346042968388392
0.3237054758054383
0.9014102668327517
0.9514330642250992
0.11398645204127855
0.4754289404033354
0.7348684086922503
0.7796907485920046
0.4254677936654516
0.7303221376368287
0.7379868552350818
0.31964693545907397
0.9883338433044898
0.1450365201196422
0.7013191922539791
0.09136789731501549
0.4953566441353061
0.5206446530343526
0.2610285983608437
0.6788895827859102
0.7125534801897533
0.3867225443265555
0.4936035322172859
0.8587246256019923
0.820561123062289
0.7662458472772766
0.6302682457905341
0.407526820634337
0.31633870324352076
0.9772717185670218
0.7009764448610822
0.8022654960032525
0.07498403012763988
0.5384754041263352
0.32059936338973516
0.1819364687708147
0.7375966491756956
0.7299137512749503
0.665136224983702
0.9820452284199089
0.012450998702368099
0.6072065596509745
0.6639469972707279
0.28007651127319
0.9035554550486966
0.9107314179924848
0.5443360466971209
0.18485317585569816
0.1668676092609006
0.9920357927646714
0.9662214881427261
0.6082900428475535
0.5238479190378367
0.09329638308691035
0.3451343765871763
0.5288067232536845
0.008189780689958126
0.2212169392583221
0.6669243605497527
0.1618935003840556
0.8264582836353519
0.8342090755650473
0.877678171013688
0.9720405104549619
0.23517741817126725
0.08543875886670216
0.2797750250075438
0.5248047684942524
0.43116342484817916
0.343284160028162
0.5108080491418068
0.5528132483431941
0.41044341488312064
0.13204593290880862
0.24771635528152847
0.9334012517447849
0.021605029319264668
0.048709596494846075
0.5611931743888159
0.31493893001036777
0.2184124189651313
0.01476973266414483
0.5132313921547029
0.8479458903994013
0.46684955314267707
0.9108438702010461
0.6635725708454885
0.23985587050641222
0.06653293598210319
0.49472820177921073
0.8435253197135024
0.8929367715118556
0.9504345207100409
0.7136544009373798
0.16824708523022713
0.646663705264067
0.7376235260470093
0.15706947588019082
0.6684345867157399
0.4484555268320948
0.11200741181252405
0.47877080241434156
0.16797806985196162
0.5437012413103285
0.7933355981506539
0.5193308300376243
0.40734559288009586
0.7332669615599636
0.6732803386481198
0.005858975550289025
0.38235235801861944
0.004273056072446546
0.12098496366697753
0.15079504412590972
0.2102868254273279
0.2678323613891759
0.19005295266659905
0.9577145642708342
0.45351511487430196
0.6245591984774168
0.10411343833319098
0.6882812408285597
0.031860119489473315
0.6644383840679766
0.1013540583107645
0.676463677118789
0.32475030988684805
0.49210477908133243
0.5475871834405329
0.8286559150267373
0.6990074082803485
0.7728860719683384
0.1877071919130907
0.026536132681300284
0.7551049666137344
0.9159219295645356
0.21063607559145114
0.7913062405250191
0.7894077456014026
0.17201853835828396
0.6510582354071495
0.6230588722766623
0.9752187535346627
0.7211133414212842
0.3678811379833208
0.08206427265105576
0.4403282259994986
0.38647571021108496
0.2559297484190719
0.5390347997595949
0.6322640908396893
0.08383800385656492
0.24784982960518698
0.33165581423671964
0.8736847644950316
0.5935676150583084
0.18139012118453568
0.8130302358723903
0.7151346342958081
0.4888671639871215
0.9081572390305096
0.11000411480117989
0.5509050008506663
0.09483330285601199
0.10447647040068386
0.18137129278313235
0.3850560389800345
0.06675153353661356
0.3958964576605196
0.30588473859011345
0.5908709854988103
0.9767954361742419
0.6980811286431868
0.8631322988469048
0.5306297574037238
0.6556669661630137
0.9711594989002652
0.5960643495455439
0.6587732527742611
0.9723969787761291
0.8692907153217221
0.7120101669367168
0.10781815135936279
0.33104104813781543
0.14099746104330257
0.05274912006501786
0.35707919724270787
0.7283914747003329
0.5560115694372756
0.43675679596094796
0.73925407858644
0.3270183036826463
0.3775753124119361
0.853795642334705
0.7918097625260277
0.8723400541337363
0.40904236272353867
0.2956609567002182
0.23643951804569596
0.3207366316509386
0.7073642690630662
0.0855693778946458
0.4486100804910773
0.1424740972297901
0.33991650716306554
0.05077389366273466
0.6802421283064546
0.8974033564219964
0.11695923074840842
0.04003669587163328
0.899039131563405
0.3856210896965837
0.11621993134937358
0.16110784228644504
0.16526476021639913
0.18569349443738192
0.006799617433164928
0.16776675994766455
0.5543516964339054
0.4929706799440198
0.9560894169721652
0.04783909742387693
0.842384575333251
0.810217650442665
0.9625142435101955
0.42200893925140703
0.21817876387466673
0.6306087588888002
0.8736416684920424
0.760089742489309
0.9471227305070045
0.20360315569347354
0.27162531481249763
0.18680347843094458
0.08016699667126448
0.6919267051713104
0.3478430251895288
0.4779336259728556
0.850416165600027
0.6171637019493441
0.803937817624713
0.22992049091660627
0.7761050792936233
0.6181869213060684
0.7677298828787217
0.7574843798648332
0.3779102705942843
0.3968136050682932
0.46997704769851334
0.05275308449130256
0.34960494386536256
0.19779132817820066
0.020668101131759098
0.10853782487653652
0.9285888303641854
0.9907339489323402
0.21078547822493687
0.5186270084983071
0.22211689191314288
0.33549334054207425
0.07660394732674503
0.478957320384523
0.4286030407821746
0.682044603621969
0.3519847439948143
0.6277812202172558
0.7036456307526134
0.05617564683339615
0.7187388626325243
0.3621077437625243
0.3943893397167879
0.71800750445609
0.0740730495827262
0.13028621758827819
0.723352732693575
0.3445451341182727
0.26014167757268836
0.30292781802932
0.25094547955195656
0.08938718704320725
0.4744157491921652
0.3431230179953283
0.3013716049417826
0.7016746405875264
0.9027512704342815
0.13777979895617998
0.2784659323919355
0.7618463612660413
0.7591921194736236
0.13178762439740987
0.15824349769414292
0.007874625654556988
0.8890354816013877
0.785667749186067
0.8149934047698888
0.2576730847406715
0.4670794138404806
0.6472570355123812
0.0016275559401941475
0.0322147125714034
0.478974020625901
0.08584847865201017
0.4898568567328849
0.7263826725221332
0.17961181208007504
0.7739126580443679
0.7661234680781547
0.7350448566241271
0.8722795752084536
0.5267647987981922
0.3358008640789676
0.7372837824907896
0.44615411779159964
0.9705518830891144
0.6712037790722107
0.702001375635428
0.6461516626534153
0.9860305882344202
0.4015979745502076
0.17604591748417786
0.8559336504910132
0.9958017474277632
0.24019089833646967
0.5211792229431023
0.07224125765577993
0.37938644971993496
0.21012561727241075
0.9349621472989581
0.12838376318338351
0.7766348601321037
0.01198438484973019
0.674788887936967
0.3670908485649048
0.18567521981990398
0.48064892233598666
0.44575621055319437
0.24561653130040517
0.9506989227030324
0.2811196433634374
0.05983449569469024
0.8201973341391843
0.7561706131364425
0.11315960276377335
0.9153023342588631
0.47651367902430575
0.00588900440580975
0.47241881673811204
0.7480991505404883
0.8053412175697665
0.16005104848661722
0.09205472248125213
0.32890775984986076
0.44129023309231485
0.9895406675345847
0.9904094070657223
0.48516444923399815
0.7429105223939202
0.2483194959832561
0.06493669891560738
0.6792449340581536
0.6384041238735617
0.07253630357308638
0.41330908899694097
0.5173685703348166
0.6467699087695914
0.41465276258967665
0.43970584099765053
0.9234545192747541
0.9544022802393084
0.9139953551984823
0.9247422154253052
0.1788061451532399
0.817120910307657
0.11932372023791304
0.47704022094600795
0.9228081506322321
0.03129003848490752
0.056001411196090256
0.9189252084542217
0.6937798639526539
0.5119041966683633
0.7173461129079299
0.8858877374333664
0.8496785775915502
0.19020322302414516
0.18113805297072405
0.693334917250399
0.21190354949155366
0.1030460779075939
0.33717787254505327
0.16639661970683117
0.32709498226514966
0.9811636386779272
0.020514261278958945
0.7227742228058077
0.7316707254263012
0.7163016538075092
0.9095417034190353
0.6100957766997164
0.9766800402083973
0.38110451542583024
0.887741987863292
0.2012711323918871
0.7755394728810563
0.6182786888598963
0.19354342537822067
0.9727699047987443
0.7552058494755078
0.1689180317391512
0.11893397677435547
0.3754602046920137
0.38129805598775635
0.7326588671492162
0.9226239862421531
0.9770526782891363
0.56114975096712
0.5890499641420409
0.8765430637674817
0.4564662172101229
0.27363478881221315
0.5066227795510508
0.419749292439377
0.5534270147812302
0.08601497828852755
0.9653008805078216
0.9590209213743837
0.974058384979041
0.8180525195310773
0.07797669785490258
0.5177664786058449
0.5595529191082936
0.6853353864789932
0.005140063050886434
0.8046255205675314
0.4276795589757676
0.009697367405233637
0.5692686821091175
0.9736417068907979
0.4021771540445471
0.04353912059409526
0.36287239632326707
0.5427877366756851
0.7720344526289769
0.42148213726303563
0.7947586422431175
0.6216200922924987
0.8855503741135965
0.6658166874996916
0.14737949156655406
0.5599668567137978
0.5147314807608211
0.5624651901896195
0.4653109651656203
0.7306560294306359
0.6414912230089699
0.4270722230025652
0.26599100613546234
0.4435472204228462
0.5353827851172428
0.5663410218235075
0.43052014923740733
0.7837316275350322
0.3525696263562399
0.14553591140495892
0.38828194283289574
0.0994390862219875
0.13172050055469897
0.42402124639879657
0.24742768565901851
0.7721438396058155
0.6649174723581283
0.684098300387538
0.7763995857174927
0.20734973422017433
0.10134893511495702
0.3410846319620924
0.9190733249380801
0.4852930825647672
0.8239140270645937
0.2108667840799826
0.584787879150459
0.5743765959006839
0.4445994692092542
0.734673686046541
0.03973782301752249
0.9903689818081393
0.39467627022219287
0.5015804769069232
0.7756679212036564
0.70139959935617
0.1657849723525695
0.6911923041747088
0.23331825135628048
0.24286477659313455
0.32155694335726825
0.39410639691756955
0.8936789165226297
0.5754396938541494
0.8188087180862688
0.4080801061671261
0.7546768065209052
0.25136324853757797
0.4006854544221857
0.6476025011656533
0.7003503716834931
0.05751310342875027
0.45619753963607546
0.4568085953300203
0.45451990209613236
0.7058536278030538
0.8793870840813856
0.22029203301703415
0.5534237652730654
0.6468254857114953
0.5832975273159465
0.2431925919138046
0.33024243738082837
0.256406152523982
0.7473477672172147
0.36662269920525015
0.9885759760881206
0.7538553106410988
0.807891155028717
0.7016516665652526
0.2669298093204566
0.3006317292461951
0.12803399022539497
0.7785240850828228
0.3496760962022514
0.5300845448659314
0.4615142359826222
0.03305104035908979
0.985218590480015
0.15039532896567154
0.8931641252598894
0.04473462405874307
0.0026798939985286374
0.9009608906417141
0.0039774988130104605
0.6394171353361825
0.7411719532523255
0.1671724038944895
0.12962738555571973
0.004735543320879887
0.04932919552759596
0.7281123110195983
0.5999147151894033
0.8495423585859636
0.9720015164918957
0.5808357588431925
0.9355558301860151
0.0831747936372248
0.47786372446866976
0.8239169642636305
0.45703919770329116
0.9749637847582524
0.7598607807893771
0.55430745362683
0.8660701138126796
0.29625970422986736
0.03411491924639065
0.02439091109603775
0.8023783296387711
0.6402039855414333
0.859281552397065
0.7390396564287877
0.2634034307767682
0.34794589940750587
0.4714315388008733
0.2782950598360515
0.5861782359155182
0.4170370598178623
0.7377650862831564
0.32142957426378993
0.5666949782749189
0.28546227582764006
0.18618081364021766
0.37103816110424714
0.3147041117685675
0.6322231994629265
0.6489939398957375
0.9477025954199456
0.8280527533088349
0.34600496440652373
0.735441276973796
0.9651234927704907
0.03684753099732918
0.9252290131028151
0.8981433717467542
0.988229593350709
0.43042662058693903
0.10656640724823063
0.06196733782934838
0.555757872538411
0.34980893064042917
0.6226086273756851
0.02716800788414575
0.7289000646278841
0.7650040572276694
0.4340438316382307
0.8465028788436598
0.07245024318885451
0.5437938054713144
0.6972725379224616
0.41087980124317125
0.5067934937871134
0.4966259212199682
0.12899339074005944
0.0018059220096122708
0.8034347687861371
0.19927538554768542
0.4246874875201945
0.09003351702275852
0.8137758738181933
0.8039699725792716
0.9715271857483679
0.3010056909265848
0.9607714371824347
0.3621800685071459
0.3097689965320425
0.7388787233019348
0.8668174663186111
0.42655499738808966
0.3545582740748523
0.7387343313517036
0.9725778902869472
0.13930908156501687
0.22081558796097767
0.2562041802250391
0.33830332750873715
0.05209077264443962
0.9054729784562893
0.2009893506147521
0.5122881736389715
0.9108382055378804
0.3591145464029415
0.19657856873639357
0.3460634896685506
0.42258242075727703
0.6315727087804578
0.9749907248338044
0.5277096905847519
0.591479567641107
0.22382250718400443
0.9465403717556228
0.9765467285039197
0.060404822694853366
0.8322997902397367
0.01679035215542035
0.9434579184991655
0.5105593079476569
0.2296248030495407
0.43834846399974425
0.3987694076087459
0.9743916979991419
0.282909517768857
0.451694693737543
0.16250386221962476
0.5202963457583241
0.6271729496351885
0.7994280438396553
0.6149423239892882
0.5837155775238229
0.7213192931316101
0.5615681253978712
0.16105036302672038
0.5606739606795873
0.0045231654211767
0.526738132849913
0.2657752736741402
0.8771942934856506
0.46513107658670916
0.47605167519383096
0.9949680314896108
0.049598411519786056
0.7157133927792843
0.30160969815482597
0.07527387778758843
0.2505905921661413
0.20341461761239044
0.6934726915231231
0.5231041685106527
0.6516353285998576
0.9331962900077161
0.45136092196130617
0.5590535578458772
0.5945170860763158
0.648720259575616
0.1856278472549543
0.8792442729859473
0.6844674306401416
0.771410953973141
0.0026218874173487006
0.14873723770029101
0.7339252346336491
0.4382722855162944
0.20401975945035367
0.7630396698370436
0.8433916142119142
0.6779891680047856
0.48491828859955133
0.34859856777611675
0.6240504667733997
0.28750228096458674
0.8051179924788902
0.05563645227659808
0.257308239280158
0.38623211661901113
0.3279986378350963
0.3292692100183653
0.15836662919635602
0.22658708390912563
0.4039927328495475
0.41241176771716515
0.24961213920573277
0.3700060177886547
0.5628192826013673
0.21320966698237542
0.608716869289111
0.007306390937035667
0.8199954104081367
0.42621448358448377
0.8037753420545872
0.6315779760629444
0.9125732868884722
0.2589293610099108
0.16882553928551036
0.5401142612574296
0.6487204345697333
0.4265312062053994
0.45354284735563843
0.9839199305644452
0.6194378180397883
0.5194021065333541
0.6686863444174211
0.17883745893658842
0.5883924162195335
0.3203198012531637
0.30470267939433127
0.996455621224376
0.4704943785561826
0.49549851081342333
0.0586405203624667
0.4523485468507692
0.3679136305094557
0.16008708936149785
0.9457685734499229
0.42611273062313304
0.3936717162842902
0.350348450379081
0.3404531887554719
0.6365753574756007
0.28786930462013005
0.1477714002743804
0.2464723833760577
0.48222569776859847
0.15261746532199028
0.8075917457858137
0.6245210006557581
0.19124160926445744
0.3030827495973625
0.5915113278106584
0.9389613690801235
0.9709419230091487
0.5899685016821109
0.6350734977367314
0.2037362602621673
0.9916294946591301
0.9801665831932481
0.5342129919859993
0.7909042647130137
0.6665431040838229
0.8034072153708475
0.2471067625258826
0.9861681587119361
0.7537158676032636
0.6139484446393073
0.8796564330847844
0.822460822480222
0.9982498598811879
0.5826762564123604
0.40360341633338104
0.9471497274214646
0.24096280593005281
0.28431536623028597
0.1815327755355821
0.22099386890100903
0.26626134615966945
0.07378365122081298
0.5840905429967003
0.3598082468924263
0.152215203537292
0.7273513989413208
0.44554717223180507
0.6947147020499882
0.46151267632971726
0.4199725922739913
0.3166228034013534
0.8175429771394196
0.7153022306169895
0.0904825543078781
0.2525646046817932
0.669626242187075
0.6027189992323719
0.9708899197110327
0.25927147366792425
0.7631259703845124
0.29652549122031213
0.709443464668154
0.4863441115315662
0.4418752528389738
0.5987516535060213
0.8867847453690793
0.7904440060678471
0.4576948747649682
0.812927280526238
0.32630752997864443
0.17820557582545937
0.8019057612127573
0.11048140755452762
0.6061156496796127
0.020616207491251037
0.9067982638786287
0.528013758150398
0.6019981148048236
0.9517569045444958
0.6887436645214957
0.08808095160051699
0.47261740859723766
0.09213102030988529
0.4333430956626143
0.8778316231248711
0.09434872766132629
0.48665058471711664
0.11244149162866346
0.34156298624507675
0.5403016670469377
0.8763304872447475
0.1340407023078487
0.13478578663382712
0.08705205178337705
0.46704077718654946
0.7457016282137102
0.819856063910064
0.7863199406266024
0.04979648469517417
0.25530313186771014
0.6054302192372145
0.1762386774034681
0.32594100024586337
0.37157011649307026
0.6195837848993816
0.05788628544836094
0.3540675649727355
0.508924817529465
0.10989414392688879
0.8557699253321521
0.44941606905959564
0.8361859776198348
0.21881506044871657
0.9121660601458403
0.2551417919854363
0.520973359306818
0.8835483706820267
0.13900874243091776
0.07414899719908097
0.1949541170934117
0.5956585629945872
0.4800041334011159
0.049554870834236486
0.1664320115543244
0.1520543423762204
0.36013829197858804
0.5016468577780389
0.11470732869514089
0.4921527969537306
0.4177437103353827
0.39222504072813025
0.3921359055694761
0.5113180624234596
0.921087073158915
0.9284108635947139
0.24228170308530173
0.3979804057453451
0.7763374923659166
0.9381845697077537
0.2777829755685205
0.5173753320790111
0.9294937982987562
0.8698301859509823
0.7123504029879343
0.960131297523035
0.35233022242270995
0.9004350534268886
0.12836031534864345
0.1569500504811855
0.8658742789137127
0.3127873941695438
0.27523813823655396
0.6963286653298733
0.21252313325808525
0.4759107699387791
0.4079223145191233
0.07501773422062763
0.6004200073150097
0.2671367048777178
0.8685361659105568
0.16378251271065425
0.0925706663468282
0.027599664946582614
0.1284117429446049
0.14706757206851329
0.08334659033841707
0.845809154142111
0.795646893745553
0.8459555816411214
0.7334154521508992
0.44300014472789273
0.5392310309196083
0.3454049755520373
0.8384044821402127
0.4981859587150046
0.8826173112172363
0.7735910017398276
0.19852755293373903
0.9346898018550501
0.06435541857568028
0.152459635480221
0.4567682192160103
0.633627771848201
0.35062598658309263
0.4172922058256857
0.5230079817405032
0.22322302031624364
0.7038766884112565
0.3532747679439703
0.21334429542138034
0.4024182143076145
0.8922113728366685
0.3034145663776948
0.7566110364446267
0.6064337671842942
0.7811968621746653
0.5395917393413898
0.7133850664352367
0.10013170308284036
0.26402685766373946
0.7799643075525227
0.28867531175352235
0.19098948966613793
0.9934080969190783
0.29365764920797754
0.21495525807432259
0.28496167272692907
0.11943799059472238
0.3053148731894837
0.7330294137179773
0.7473181675247365
0.28562186595146644
0.23457937156248387
0.6964191322472061
0.7102677800514109
0.14868980548632182
0.6470716966007081
0.7992940882064202
0.5514236693616175
0.6857741085761627
0.8532295459066919
0.8098635349698737
0.22255430333495096
0.5022344640992683
0.723698522209982
0.6986656835446977
0.9572793657417743
0.023478858373133016
0.10656224418992
0.058174345071767664
0.7518289983169926
0.2835468984743007
0.8764300972310035
0.037466298217495364
0.4498478422781873
0.25431850772436604
0.05403720545910762
0.05650752333825715
0.703658296105589
0.32886094449125314
0.3431391520504652
0.26013748015041394
0.07328181187836247
0.6974754994869465
0.8177721911398291
0.4725441370436868
0.4957922677946438
0.5465810309736372
0.144877645762158
0.20532468955994765
0.15941305936785055
0.3932558604093952
0.514483768191684
0.1735180513692054
0.43877190270368716
0.7618212288082383
0.12584387805962705
0.5254106856216768
0.5745685753950297
0.1158678083329856
0.027655669578882103
0.870860862541147
0.5723262259568309
0.03410985146220369
0.9337325915884671
0.458510852082307
0.22581361319461757
0.11949739132251791
0.206840517255528
0.8046261298993505
0.5765486414336238
0.24315083778656177
0.038584651778245105
0.1171914935572882
0.7945833249994334
0.5722159726233402
0.9523770387175483
0.6506399782164656
0.02096416815149682
0.2941825433140227
0.9934670552810286
0.1172185577356194
0.3608139127025679
0.8865451059553044
0.27845069763822416
0.6142942712508414
0.679984583328174
0.19552427952480145
0.4467938847139563
0.7981825744483336
0.5161647077646305
0.420021469038923
0.7159220713682964
0.35900739993799413
0.7824310307309977
0.6916984856135525
0.9881073332765792
0.9274121577048297
0.030625078028385988
0.7258295627448539
0.2739475235829001
0.07072096644176284
0.184524451039632
0.07725339211449289
0.4212259435566116
0.09336390172098952
0.5276527176025197
0.5751573762074579
0.6408062563390442
0.24529680136522158
0.578234178975214
0.8708250624924909
0.6006264155740297
0.8120177962295103
0.9443819306188852
0.0348724639060245
0.13438042960074414
0.6203457330817242
0.9996622239418298
0.4953441238250853
0.19925109179430855
0.9983177844557054
0.10251216497175253
0.5873412602523967
0.9596855095822324
0.12891883355824674
0.7423924751483342
0.9655156059491278
0.9515451718630081
0.7900270037503349
0.3476920804973491
0.6375716279730965
0.08467142758536539
0.2919881803806642
0.23723866528063553
0.8162286972895401
0.5886815186705607
0.9257115470593841
0.30390414748426964
0.1742999495455536
0.5659318598572618
0.048478948700391045
0.9197135607613609
0.048670563341753126
0.6097322059102622
0.143820658051396
0.3111839933259456
0.2221701617110089
0.6778815992834809
0.8007232011012446
0.14425084973816793
0.30346695536225965
0.9956266138178249
0.5017201433190924
0.25354707060376314
0.3497798074458055
0.30891268850618103
0.03589792927155766
0.33732021562251313
0.24281545528391735
0.13169709528701123
0.7750304384051253
0.05075941763464853
0.09661308301825944
0.8506902275467404
0.15511842801848186
0.8916138059962648
0.056995056665904986
0.8566472419312217
0.48176710157668123
0.06127203967604333
0.6292715316611434
0.1714254644028932
0.868594835652667
0.20977234624921293
0.034611896501428374
0.908277942772097
0.424863707152234
0.9604972840987384
0.7222108733445618
0.3073108217835523
0.2022938524125083
0.16551294864413313
0.5186751603914069
0.03386770670721628
0.5469713424799579
0.9952860644893192
0.266264606408265
0.7088856172612449
0.4958541231882536
0.9733735864236852
0.8599342237501078
0.5091661453019752
0.7615366739064142
0.2685883764084247
0.8108158593632488
0.7715844717994014
0.9969587803999708
0.9341756582009498
0.5481149434639206
0.9846420358793321
0.7979005104176561
0.5099042208082921
0.5617985680809201
0.12175203416791291
0.9708389924908547
0.9989740395898505
0.4187288509836673
0.5887743010813887
0.045186020047539355
0.4192663703957462
0.27005546289578586
0.9440377646528382
0.3671096794761295
0.6676427651962226
0.7141913381753004
0.5093819510911285
0.8087686737109625
0.5023000523626098
0.7485409130220919
0.8682389652460278
0.6395843023295199
0.7683564507178138
0.6211106112939082
0.7203275060124941
0.4694451756209618
0.97687261317587
0.6086967191611456
0.8606692202214381
0.971979135669378
0.16339067973911647
0.862603167799609
0.39182041100610954
0.48226924602550525
0.4445318064255195
0.4341259505050602
0.816283541648792
0.027973201249807844
0.127573659760583
0.09348537174597138
0.5113548327394373
0.8805949026869125
0.6784169418584711
0.7381188557720918
0.5209181450221784
0.475595659397164
0.9583680920220413
0.09183310396687638
0.4432463351908762
0.40008319037201423
0.9245198162774793
0.7970021997652121
0.030803726946388554
0.05880556561782668
0.9492243968836768
0.7190938355785605
0.5083039451229369
0.6383152801288494
0.6979850512653459
0.19512367510390638
0.8777423923594591
0.7286090673755381
0.6588290518291436
0.7746693697875104
0.7567420992830362
0.6216600392260049
0.3080969453901168
0.3599789659127446
0.19579730464673473
0.3607411859188733
0.7992862485144577
0.783402882543129
0.8849961813539211
0.4241969472221294
0.28571815448356375
0.5468306190489531
0.03390750781356311
0.7556332108965037
0.5908445087345178
0.9203968274691992
0.3842831868901304
0.4957216681480545
0.9175924365302882
0.14359255928841286
0.9678847837375195
0.509110540247889
0.5768357839955135
0.02361262220809346
0.8699019805751885
0.016772650111795406
0.13384647233579217
0.8399520247016179
0.04723058997847451
0.4246403659236707
0.3155224827465065
0.10953294306562
0.18578737121072697
0.6424526091157207
0.5863146933285099
0.4756807628081483
0.6491170304415422
0.9391050577463653
0.10188237233867736
0.621593052476622
0.8507758003988896
0.4041126698647103
0.7645492854156937
0.48251250804740353
0.7986487123458031
0.6029389190388298
0.5151774632799216
0.6916437225302082
0.41337099301311087
0.09814027345416121
0.4360534494023365
0.1341970876264994
0.047057249387102984
0.6083940441595708
0.8540223853716408
0.7238378870675346
0.23219620499184268
0.2851360302926954
0.2757336149183287
0.3967134418631866
0.12365141205375674
0.002652625398759878
0.35516152232142406
0.24527032519284675
0.8170409031012844
0.09717208441470082
0.5698045121535811
0.7719870060691294
0.8492356695339714
0.3307677435451284
0.24421673686186607
0.8668430757423754
0.9806804823372833
0.6310134280283994
0.7748213352326552
0.768122445518098
0.5188678338473599
0.9972258665316427
0.09680852540205687
0.5127435500635005
0.6971052135425952
0.021736620219585556
0.008033573440990094
0.6980796376309867
0.8028258681538479
0.2818092789547668
0.5302031292638298
0.4243915736704291
0.8060366317477814
0.9776181938180339
0.035129929554738815
0.9415751285955967
0.8851308096532786
0.9132565514356632
0.4315751769019881
0.8496213763070339
0.4096717197866244
0.3734112694024454
0.9132429193210339
0.44838767425441994
0.33425550637677515
0.117014775769546
0.14343549600892302
0.8799396497178973
0.936159096724434
0.35746871382159773
0.6527700007095814
0.26850428392391035
0.6567298147035232
0.010588925494585677
0.9277876118965613
0.13351339269994456
0.4987334976829987
0.3155240223163599
0.7032819945662154
0.8397919208381647
0.9646172682596276
0.9401063864315585
0.8688264338398263
0.018869563820886004
0.7764245493817483
0.6340562435431184
0.49259696176245393
0.04733462251989995
0.14444410139028852
0.6286822269165223
0.6661406768854253
0.6331019008627341
0.031097005773533914
0.8811627070672177
0.4338917652324026
0.23883768756196788
0.679065064004774
0.2352691666223543
0.16127437318409676
0.8390676127692436
0.5145131310307074
0.759179709364413
0.8759648560936291
0.8608482838310977
0.2375858090311852
0.9727964929977799
0.6760994055086368
0.5837380935266677
0.618604805190279
0.7696208746618084
0.5499416060317261
0.9694933202784326
0.6503814165764246
0.009101260679777012
0.034951033351340866
0.4360240554718364
0.32811027372505297
0.5515783788974092
0.6802862513729285
0.018112419404350155
0.11591766794218927
0.7863209129169975
0.08494528549802494
