0.9718001214088173
0.033549068154465456
0.7917987645696983
0.9249004943218474
0.8743908164937378
0.0671951786784395
0.9130592182322583
0.8218565071852652
0.8100410434047297
0.7326076340028185
0.8255248359576074
0.17503428048075642
0.13739694031206362
0.678233598319274
0.09631079853088509
0.5625244829717356
0.2249046395592912
0.3240596113279003
0.990061189143035
0.6783468175717264
0.6145333676312487
0.18408887031237464
0.935360951601954
0.543856307166179
0.18172321161962735
0.04149979955357619
0.6954206736453977
0.24077675627715878
0.9570969690353671
0.18652997248657321
0.8396166171470657
0.9254935228123279
0.22714586520811808
0.20650432349594294
0.6570527699551445
0.42166109893023773
0.6890794755771121
0.505437304587653
0.4355056083545674
0.11023383327044833
0.14670011652475445
0.46512589703914786
0.8762909463602747
0.011140718643282477
0.8809171215679529
0.5493432399143688
0.9725421182022245
0.9552231278516167
0.6907738977796232
0.668983153975554
0.054497115838814336
0.7480654096587626
0.31774513562983675
0.020517102841896118
0.5323053152831232
0.9081298817410894
0.4512103865118552
0.8951041112967926
0.6994349987852727
0.8688249803114675
0.9567187649500056
0.27090371069092956
0.30382526219557726
0.35271224023914105
0.595489057900933
0.7951892841191345
0.4062967654077936
0.4538023756190569
0.7581980676758633
0.5825229719405167
0.5286679592045934
0.10962198220275166
0.012230174453761955
0.4690748793779139
0.5491782272314694
0.670144657092123
0.6805631928989261
0.5563057684086221
0.19648103999816346
0.6880395129608081
0.1929260374645856
0.14086551062632913
0.7735958555596629
0.011227234774141781
0.19673635949338253
0.2416353947056743
0.9395226978288757
0.06865328485638333
0.05811635808487903
0.5067168643006668
0.6896718675862845
0.4673829040966583
0.3060553016613543
0.7314039361568698
0.9743136508349716
0.06448428420561936
0.5716701052633817
0.9245352814689146
0.6282011958807999
0.381112950496864
0.6499307431086766
0.9101415530631953
0.8362160761781514
0.3071969003718399
0.3359217736944978
0.5798413088636004
0.7084504751472789
0.36309769141438486
0.6236452988820829
0.24185326756130476
0.1761663465712051
0.8848990563558328
0.5390095868790691
0.05886688756838088
0.9738314279483679
0.8511327407976711
0.06779573700860264
0.3700527762664818
0.9560464781301595
0.7584043974444847
0.5115186105489656
0.20604116118671156
0.7157468874478563
0.45438948185364925
0.946640279319574
0.9740513781531013
0.45730637920858364
0.4511998953178019
0.29653236260152516
0.1530624529182285
0.016427119643094734
0.6189671061532811
0.6075246243485551
0.47211416375705606
0.23117053013696887
0.030786259451183517
0.7910132173712825
0.5456634712505102
0.2780988684913239
0.5324027210740172
0.15881122114968216
0.8642746722794036
0.7667232395345004
0.19084440254667545
0.15692837525224812
0.4392526992825678
0.9022141810910317
0.146085179286786
0.16416315070372445
0.9465917589648314
0.49356589260210926
0.4699388940034753
0.4920690974201377
0.3698843062295105
0.5650015634394593
0.06140669449256464
0.8520011849652461
0.7466175158256998
0.25875374259047135
0.6238733871427247
0.12664762787568395
0.9441962512042406
0.975636534245171
0.025610359388294146
0.9921366522033837
0.73549399272859
0.3535685101869869
0.7227930567516345
0.8024500999276973
0.529414213519455
0.45045949467815016
0.620579803864675
0.1699162920993833
0.06201838382335578
0.09421488246991983
0.39041779938823984
0.1442197275691498
0.10747878973651726
0.9596727757853336
0.11349786667324235
0.01906959076091097
0.3537867451246961
0.6586773099194689
0.5707869398547863
0.725782176935066
0.9251899196179694
0.7521156997453692
0.43627471143540597
0.3051932242417711
0.20573057591344646
0.31527617494460314
0.8697947455003489
0.28339753852622285
0.6856946398835864
0.8838484851348092
0.647773287807569
0.5467248554170931
0.9150391116769884
0.3949574032922467
0.18262050880798175
0.7880743111069618
0.8595776152080031
0.24945311331281428
0.3936811242886066
0.5094571645736109
0.8448142886223577
0.006705910823707639
0.2299933261150573
0.7948485890226464
0.3970106778768723
0.1816620761804626
0.5948823767252078
0.20179866720058937
0.9303311672649891
0.017663032594212424
0.8980089457539853
0.5770902174424397
0.7823592984519591
0.1512821811374796
0.3851314445876508
0.42803970843624073
0.9339452229878827
0.4738322934169872
0.20563630306258995
0.3550405326133911
0.2369322712332621
0.9276522135992576
0.5881117348770921
0.1425802438267254
0.0878895538974257
0.9058469716765865
0.4347913679196078
0.6107655326513414
0.8997323463742324
0.3699730578141337
0.7695596340458896
0.09206277841430421
0.3767505950280905
0.03259550014069512
0.9400924391144914
0.27044197014687055
0.09068782177250434
0.06523279377919522
0.4273044139586403
0.7021346983825835
0.14845342951919638
0.159954690982278
0.4032982436536885
0.01397867777118389
0.6596910730829787
0.9798894233267871
0.15795898417286613
0.3143413848544184
0.7481175658816452
0.5488471414354612
0.4784234642568407
