0.5632530140477603
0.9250222692181723
0.6349666235833642
0.49859296804781905
0.33295524792692655
0.18246999086076132
0.033230175849906285
0.27592881743912356
0.9484861883940412
0.5572842307835024
0.4877359821893963
0.30290353192139174
0.7997357307676908
0.6886249080335264
0.9590340162625606
0.9168267500924149
0.3425998175820084
0.5230011003257424
0.47256876091242905
0.7753039530844225
0.15498515689814718
0.7176859746824616
0.5302063886097013
0.18894685238351272
0.8643632690525241
0.8786282916801527
0.22736451370442878
0.7367159803641433
0.808418810224717
0.36492995485676694
0.971983948197424
0.39599484675678964
0.2785497680958485
0.4499159823660266
0.4904561150790969
0.6199915722612838
0.9958535588811671
0.4774091147189291
0.4163232253999334
0.4016122567321284
0.6594357932925624
0.9099061878101945
0.7427876599901816
0.7706727068157241
0.7818794955546917
0.8526197490137236
0.6783679153254437
0.33367734654362236
0.7020551818585596
0.05735999479466691
0.17472425841205397
0.3619120930051477
0.5313551393714595
0.4958555655596868
0.8042912611273921
0.2294821115245559
0.4257593046129525
0.6875215565955523
0.7690390205169684
0.7866032576953318
0.3056198521968859
0.6638469604040192
0.8962359087955097
0.7205474934800985
0.7281362511668024
0.1885325323411451
0.39704994089958623
0.9245128297563446
0.125353870159975
0.8429273457737361
0.880669616441241
0.5548482953605909
0.10122754384876032
0.6295888916477207
0.23088750183892148
0.6887666907230163
0.6954164663605095
0.869486205644987
0.6972934527222895
0.06955599343645658
0.6565763575007149
0.9371293024030333
0.7327017541269882
0.807932543588318
0.3504377716526894
0.6673711545150663
0.45764039709236093
0.6301162048018658
0.2133190307128131
0.8854601089020362
0.06334140470313321
0.0940224908803281
0.2874817811338064
0.46793910146549067
0.4911734706426597
0.2403193702093871
0.4208641312440079
0.5979575979592631
0.9187163275160639
0.8783853316298075
0.38573807407584515
0.1532969830461407
0.5860025045010157
0.2888783005613703
0.9093630533470555
0.8301641628036316
0.7549334952800921
0.7197421017273932
0.207536150530937
0.4356070919200572
0.3303756441364566
0.09781374037745594
0.23573465390572323
0.6581553603129371
0.5503974808747975
0.5744365380010397
0.15040242548697025
0.40832091897105105
0.2863493874716321
0.07561103194515573
0.8741240370123801
0.4500471902931773
0.19717002870764
0.25566713550570996
0.2786756836564538
0.8995734879379927
0.35735661021689913
0.8652103602734391
