239.83811205355272 0.0
4.474284111531375 -10.545762030677807
3.782317788469624 4.490500022686454
-5.863673673015704 -8.125474173898095
-6.800441023716036 -1.2633076619106585
0.1381028259380055 9.241361980194027
1.793660413396423 7.287718370930643
-3.702445746405643 -0.8618381285016163
-7.212547016241611 9.813139679625648
1.3100629941672923 1.8648441477608437
-3.537971010984738 3.098768747091188
-6.184214165308343 5.472646755900007
-5.0277783028328225 -3.170426680286477
-1.7362332446729682 5.764557659872125
-5.736883401837588 0.5746108365376865
-8.268017779331664 -3.924235117618975
-3.6090004501870636 5.509827252515066
8.596292487626144 -1.5716692241198071
1.9815816689485604 2.6908027044782488
1.8757931781350163 1.5251663153277961
0.12269777504970192 -2.0869688193985194
-4.690505061196027 0.6814070007416704
4.181471983642903 1.1616635765138055
0.7187466935868156 2.569563258910263
-1.0557231936828864 3.445271762197135
0.949768520843798 6.526224586028242
0.9062570168603479 0.2439696716776787
1.7861430605871869 6.578936740015482
-3.2039881908642234 -1.5074427113626134
2.6021266432349477 5.430310162116606
0.332075663331737 -6.42882928729896
8.69581523405577 -9.336730851106175
-9.355618308044845 0.1696034850908692
4.051337711700314 -6.821416010320522
7.665291630122738 7.116131358682508
-4.851250646318138 0.2990673702392477
1.8690020346090386 7.479356352062647
-3.155964324941543 3.9687901477678396
-9.66851847435553 -4.16532922487168
-4.260777203056472 -5.0128343114048945
-3.5389009102611455 -2.5929667935231375
2.6891949687758836 6.645242421326401
-1.9592849915945312 3.8917161526352584
7.892576280866367 1.284494514868291
1.1818095812945817 0.5515905502894798
-4.3236411607505065 3.480295667227006
-3.997934081877502 -4.415953203472184
1.869327020003066 -0.03617998361513952
2.1625617482849666 2.6473923305131697
-0.8910729952237308 4.466353771351541
-3.629813444778483 -2.8260877266004547
4.2768720712556 -0.20372241760056742
6.399971422806925 6.0663341319917246
7.386857792071503 -2.9105906097117122
8.24456931208136 0.5025741062010163
2.375045806325217 2.9694643759978665
-2.9288873325113474 -3.369192338101824
3.8266586586405413 2.9875260422519627
7.729074897136866 -0.302834429401758
-6.052040710241224 -0.35712198906172343
0.4634327430908227 9.62314697965584
3.874998178383706 4.404198133287667
-4.022111025649942 8.708872646733708
-3.1396390456205867 -4.579553851335984
7.772024936212766 -7.2538767671170366
0.8070645587624201 -6.580707201788932
-1.768823901739884 3.964306930694054
-0.10104058233748514 -7.467556978805253
-4.33199298721387 -1.6046586208013909
-3.2838691772535267 -1.3427694117175877
0.6413690257349703 3.98470624341243
0.5402994632420413 3.6165884790699323
-4.635079329776584 3.1655115885691125
-3.9932150349316347 4.373593225667899
1.723613479350616 -1.940926953992184
-1.3307212302429603 4.665700494357473
0.8982775616602008 -1.847532620085305
-6.821312161513541 4.506925051453111
0.6299846072419246 6.753430517362866
1.9337519297783379 -0.3777851594941066
4.276825615807553 -8.326187026799452
-5.088868396840288 -8.637728881841728
-3.5839903415599186 2.8701704829504098
-3.861962398830768 3.5993278962721713
-0.8434042010688951 -1.6640646610764223
-5.083138137813775 -4.652388171226129
1.586868183689913 6.085384014582197
7.134371781401081 7.830035303992599
-4.370942010462578 -3.957420754929145
-7.528802913172244 1.6750510608905769
-0.41376657919580007 -8.87698078927987
7.996435230545819 8.332424223879194
-9.308738978024166 -5.6278706061854855
2.9258119825306212 0.042479575845139006
0.48832607411461115 1.1909011029798289
0.2840791507109013 -0.37087762602079843
-1.4522079180238805 1.7338152915837468
0.08535743001498464 7.14893860546484
-9.69240345025413 -4.3909605092325865
-0.16328224519643997 7.480053621898705
-6.662343270983915 4.531460155544563
-4.642559336276818 2.526234700255487
10.217749013177519 3.290855316027603
-4.416688226512682 -4.905105609652647
1.6116452051858465 3.871662788113161
-6.2241055601465405 1.2524166255164015
-4.411408764331103 9.371308459614609
-4.807289616253486 8.034609601479707
-3.001028518460589 0.42489539309418545
2.964761329162873 0.7733768554886347
2.246032079968053 -2.6102694046411354
1.5320514000951622 -1.4058596079639267
4.155223605458078 -4.324745558865725
7.123627052667661 -6.779741606784915
-9.652465558227002 -2.5406964366751286
-2.632424477162363 1.8450715517875331
-3.819313973614761 -2.6790323068151087
-1.933732827874675 5.516963039258554
4.19904807968834 -2.619992280629603
9.52721518280368 -5.084395548467157
7.343249544312837 1.8943835238240263
1.5746130095481319 -4.3532157170331685
-0.7746604802792314 1.1412086400414503
-0.2658909960185074 -2.9607757456278225
-0.3892135983433693 -0.03318667391732921
-1.9082851104877756 3.124763088588893
1.0138283757270674 9.481537732836827
3.108965586141084 -2.423341841453105
-2.6836693706419794 3.1737054875525814
3.3757124809717873 0.9237781082022598
-4.744519449142219 -3.48903550247808
-5.383820225615313 2.8003168557507236
4.479631717862402 -5.105426148967009
4.994866237696795 -2.323169177923755
3.454617915055388 0.7663426455877925
-4.518536175068876 -1.749934559515408
-1.7095302666596415 2.1089962001362696
-7.338544888497061 -1.1639666505011466
0.5864088406579078 11.036952132735127
5.50484619745486 2.3176448594230465
-1.7500716485343293 -7.65396267056775
-4.082239193215704 2.151825822044759
3.222672322579145 -8.386742706671907
-3.9243173806568494 3.6985164302017357
-0.8668774344973336 -4.641483360948565
1.1142509955753537 5.635865086314302
-2.8473958194463806 -4.1549362901486955
-2.238385393893487 -1.382775633246838
2.6057299322284315 1.8724335682717452
-0.015733192145069186 2.4881921070985222
0.7391786842219112 -5.065933101727863
-6.919427511028415 2.2202654523634404
-2.420396514696501 0.7490252887042823
-0.5716671511715938 -8.26148876453602
-0.5681228573238943 -6.829722566203351
-0.11285230953433167 -0.42307014129366016
3.7228023800144174 3.811675787822129
-2.4318036864314574 5.481843971494029
6.735203194321752 6.407671780353624
-15.410134114500199 1.5036605290910559
-4.570477235382459 2.3722896269300846
-1.0805414990781073 -4.2380355302677675
2.6956071728944027 1.643234775178558
-2.4771999325367293 -0.17362756962125425
-0.8608456635263151 3.610685693433183
-1.7132641216911173 -1.5707242847891925
8.047649826867168 0.860740950940821
-3.8870663939716366 3.3073180826705326
0.47831014527978133 -2.234768978938976
-3.6469272605580656 -7.724878134553729
9.511403782433895 -5.701705331002593
-1.995276642343282 -1.5642081921358586
-1.8722218697296915 -7.979995585405227
4.324622052171943 -7.611927548565671
-0.9050787378313689 3.099167314547842
0.6106378774218033 -2.179141786932695
-0.5821825115282795 6.952381849189677
7.000056029503583 5.109466340142962
0.8027021136853273 1.1627270571549948
-2.7712332225095215 5.387926489029406
3.420312451825062 6.170180938931795
1.739632887523378 -0.40069895070120687
3.3078381058878827 6.275899109291484
2.0340146674585133 -4.4639738581582336
2.156857570562832 -1.0321877084603632
-0.7888995252804831 -3.218560933114374
1.3241961830274214 -3.550954441101548
-1.1810990095011116 -1.926229510660206
-0.9939318625668716 -3.2979391380966425
4.871964146128635 -4.976328268604796
-4.7975459511614 4.422955135859144
1.7478602137739543 -2.511731976681627
6.160658811452848 -2.4195416080839482
-3.106693924577175 5.912059327884799
3.3001002190089115 2.4943265499471012
6.203138590136769 -3.838372664626271
-12.014430196521154 -5.3127685823843915
3.1213161979540756 10.218482745877294
0.9206725951873986 1.3709748045253827
1.6367758414050717 -4.488695923567638
-3.7443999102238053 3.0739607973081995
-1.9709310993604825 -5.607661649949245
3.6174706601014384 1.6524931833340988
-0.4803942040390563 1.0422282754721364
-1.6529101550397192 5.401329425070863
0.616555578004115 -9.338681835345753
0.26770418484272307 0.7785682418689697
1.2112068056239325 0.8827537405577135
-3.781636937335073 4.145163111386442
-7.832544288678282 -3.1293711790841066
-1.7822271705280515 -6.617865830046558
-5.026126161626948 0.0856541297130522
-4.4972417784959005 -2.785034787589148
0.4256595213583152 0.9134231730430008
2.6615079569470947 -2.0521730312666184
-5.459098925001544 1.6850480610200504
10.045114965035948 3.806824097503303
-3.7226290330055107 5.436762216880185
5.6376059113272845 -1.4369153743893415
-4.9920202064037635 2.5569458702316323
4.020768021048054 3.861235953231306
-2.851830352073267 -0.6878651433819944
-2.7162967409543026 4.7034181295667175
1.5146973383657458 -3.9167027729087978
2.7595231677711443 -8.895703145371142
-6.4058793096705156 -4.4320009932023625
4.219033937961745 0.0018030035594804872
-3.199718816810311 -0.5184666049419322
-1.8793160380106373 -3.8614482045432337
-0.8843855281619093 -6.380479315098929
-0.30903926731129405 0.4803727983956856
5.404129326467274 -0.6561459756934704
2.21319419208991 2.785334382551972
-2.215691011631685 -2.742755793360592
-6.022785544957474 1.2959590458513497
-2.171062082097463 -2.3024608677614236
-1.1601546925978141 1.8112784392097605
4.283272368784784 -0.18442561493900567
-0.03731410392637524 -2.9999107550292994
-5.183621143989502 -6.085433196149045
-0.0803714371072104 7.457360926486043
1.8213985131695445 5.344673967833179
-7.240717850536731 -1.9314427211598988
0.09696345884986002 -1.5350887438223224
1.3935633732385695 2.349471669104443
-2.9129576893471625 1.7016601434916139
-1.0682790041837507 -0.1970768128158531
-3.5991138092839066 1.764709531299522
-1.3490536391327481 -2.7735303483046203
-7.398186767969062 -1.616860763303095
2.275156231405847 2.2604391107148776
4.89826809478476 -4.930448560221814
11.367106882683483 -3.675199050408102
-7.74257329923277 7.52669147209051
-8.699186375169022 4.021243926929411
-2.101335983598022 -3.116471360337662
13.598701803877262 0.0
-2.1013359835980228 3.1164713603376617
-8.699186375169022 -4.021243926929412
-7.74257329923277 -7.526691472090511
11.367106882683483 3.6751990504081022
4.898268094784763 4.930448560221814
2.2751562314058464 -2.260439110714879
-7.398186767969061 1.6168607633030947
-1.3490536391327477 2.7735303483046203
-3.599113809283907 -1.7647095312995211
-1.0682790041837509 0.19707681281585332
-2.9129576893471603 -1.7016601434916132
1.3935633732385722 -2.349471669104444
0.09696345884985891 1.5350887438223197
-7.240717850536729 1.931442721159899
1.8213985131695445 -5.344673967833177
-0.08037143710721018 -7.457360926486045
-5.183621143989501 6.085433196149044
-0.037314103926375464 2.9999107550293003
4.283272368784784 0.18442561493900644
-1.1601546925978141 -1.81127843920976
-2.171062082097462 2.302460867761424
-6.022785544957473 -1.2959590458513492
-2.2156910116316855 2.7427557933605917
2.213194192089909 -2.7853343825519734
5.404129326467275 0.6561459756934696
-0.3090392673112943 -0.4803727983956856
-0.8843855281619094 6.380479315098929
-1.879316038010638 3.8614482045432332
-3.1997188168103095 0.5184666049419322
4.219033937961746 -0.0018030035594787108
-6.405879309670517 4.432000993202363
2.7595231677711443 8.895703145371142
1.514697338365747 3.9167027729087986
-2.716296740954302 -4.703418129566717
-2.851830352073269 0.6878651433819951
4.020768021048055 -3.861235953231306
-4.992020206403767 -2.556945870231633
5.637605911327285 1.4369153743893421
-3.7226290330055107 -5.436762216880187
10.045114965035946 -3.806824097503304
-5.459098925001545 -1.6850480610200491
2.6615079569470934 2.0521730312666207
0.42565952135831475 -0.9134231730429996
-4.4972417784959 2.7850347875891486
-5.026126161626946 -0.08565412971305264
-1.782227170528052 6.617865830046557
-7.83254428867828 3.129371179084105
-3.7816369373350724 -4.145163111386441
1.2112068056239322 -0.8827537405577144
0.2677041848427235 -0.778568241868971
0.616555578004117 9.33868183534575
-1.6529101550397192 -5.401329425070863
-0.480394204039055 -1.042228275472137
3.6174706601014384 -1.652493183334099
-1.9709310993604816 5.607661649949247
-3.7443999102238057 -3.0739607973081986
1.6367758414050704 4.488695923567639
0.9206725951873986 -1.3709748045253822
3.1213161979540764 -10.218482745877296
-12.014430196521158 5.312768582384391
6.203138590136769 3.838372664626271
3.3001002190089084 -2.494326549947098
-3.106693924577175 -5.912059327884798
6.160658811452848 2.4195416080839482
1.7478602137739545 2.5117319766816246
-4.7975459511614 -4.422955135859146
4.871964146128636 4.976328268604797
-0.9939318625668723 3.2979391380966425
-1.181099009501111 1.9262295106602085
1.3241961830274227 3.550954441101548
-0.7888995252804829 3.2185609331143743
2.156857570562833 1.0321877084603623
2.0340146674585124 4.463973858158231
3.307838105887884 -6.275899109291485
1.7396328875233769 0.40069895070120554
3.4203124518250623 -6.1701809389317965
-2.7712332225095206 -5.387926489029407
0.8027021136853261 -1.1627270571549975
7.000056029503583 -5.109466340142964
-0.5821825115282793 -6.952381849189678
0.6106378774218055 2.179141786932695
-0.9050787378313694 -3.099167314547842
4.324622052171943 7.611927548565669
-1.8722218697296926 7.979995585405229
-1.9952766423432804 1.5642081921358582
9.511403782433895 5.701705331002592
-3.6469272605580665 7.7248781345537285
0.47831014527978133 2.2347689789389777
-3.887066393971635 -3.3073180826705313
8.047649826867168 -0.8607409509408201
-1.7132641216911186 1.570724284789193
-0.8608456635263142 -3.6106856934331826
-2.477199932536729 0.17362756962125342
2.6956071728944018 -1.643234775178557
-1.0805414990781093 4.2380355302677675
-4.570477235382459 -2.3722896269300846
-15.410134114500202 -1.5036605290910572
6.735203194321752 -6.407671780353626
-2.4318036864314587 -5.48184397149403
3.722802380014417 -3.8116757878221286
-0.11285230953433034 0.4230701412936615
-0.5681228573238943 6.829722566203351
-0.5716671511715938 8.26148876453602
-2.4203965146965007 -0.7490252887042814
-6.919427511028415 -2.2202654523634386
0.7391786842219095 5.065933101727861
-0.015733192145068742 -2.488192107098522
2.6057299322284324 -1.8724335682717448
-2.2383853938934877 1.3827756332468388
-2.8473958194463798 4.154936290148696
1.1142509955753532 -5.635865086314301
-0.8668774344973342 4.641483360948566
-3.9243173806568485 -3.6985164302017366
3.2226723225791445 8.386742706671905
-4.082239193215704 -2.151825822044758
-1.75007164853433 7.653962670567748
5.50484619745486 -2.317644859423045
0.5864088406579062 -11.036952132735127
-7.338544888497061 1.1639666505011452
-1.7095302666596415 -2.1089962001362688
-4.518536175068876 1.7499345595154088
3.4546179150553886 -0.7663426455877907
4.994866237696796 2.323169177923754
4.479631717862404 5.105426148967009
-5.383820225615313 -2.8003168557507236
-4.744519449142217 3.489035502478081
3.3757124809717873 -0.9237781082022594
-2.6836693706419794 -3.1737054875525814
3.1089655861410868 2.423341841453106
1.0138283757270679 -9.481537732836829
-1.908285110487775 -3.124763088588893
-0.3892135983433689 0.0331866739173301
-0.2658909960185083 2.9607757456278225
-0.7746604802792301 -1.141208640041449
1.5746130095481323 4.353215717033168
7.343249544312837 -1.8943835238240263
9.52721518280368 5.084395548467157
4.199048079688341 2.619992280629602
-1.9337328278746742 -5.516963039258554
-3.8193139736147605 2.6790323068151087
-2.632424477162363 -1.8450715517875325
-9.652465558227002 2.5406964366751303
7.12362705266766 6.779741606784915
4.155223605458077 4.324745558865726
1.5320514000951626 1.4058596079639272
2.246032079968054 2.6102694046411354
2.964761329162874 -0.7733768554886342
-3.001028518460588 -0.4248953930941858
-4.807289616253485 -8.034609601479707
-4.411408764331103 -9.371308459614609
-6.2241055601465405 -1.252416625516402
1.6116452051858474 -3.871662788113161
-4.4166882265126794 4.905105609652646
10.217749013177519 -3.2908553160276024
-4.642559336276818 -2.5262347002554844
-6.662343270983914 -4.531460155544563
-0.16328224519644108 -7.480053621898706
-9.69240345025413 4.3909605092325865
0.08535743001498464 -7.148938605464842
-1.4522079180238805 -1.7338152915837468
0.28407915071089973 0.37087762602079843
0.4883260741146094 -1.1909011029798295
2.9258119825306217 -0.042479575845139395
-9.308738978024166 5.6278706061854855
7.99643523054582 -8.332424223879194
-0.4137665791958014 8.87698078927987
-7.528802913172244 -1.6750510608905773
-4.370942010462578 3.957420754929145
7.1343717814010805 -7.830035303992596
1.5868681836899152 -6.085384014582198
-5.083138137813778 4.652388171226129
-0.8434042010688945 1.6640646610764218
-3.861962398830767 -3.5993278962721718
-3.583990341559918 -2.8701704829504098
-5.088868396840287 8.637728881841728
4.276825615807552 8.326187026799452
1.9337519297783379 0.3777851594941084
0.6299846072419261 -6.753430517362865
-6.821312161513544 -4.506925051453109
0.898277561660203 1.847532620085305
-1.3307212302429614 -4.665700494357474
1.7236134793506162 1.940926953992185
-3.9932150349316338 -4.3735932256679
-4.635079329776584 -3.1655115885691125
0.540299463242041 -3.6165884790699327
0.6413690257349707 -3.9847062434124307
-3.2838691772535276 1.3427694117175861
-4.331992987213869 1.6046586208013918
-0.10104058233748603 7.467556978805252
-1.7688239017398835 -3.9643069306940517
0.8070645587624207 6.580707201788931
7.772024936212766 7.2538767671170366
-3.139639045620586 4.579553851335985
-4.022111025649943 -8.70887264673371
3.8749981783837057 -4.404198133287665
0.4634327430908227 -9.62314697965584
-6.052040710241223 0.35712198906172254
7.729074897136864 0.30283442940175853
3.8266586586405413 -2.987526042251962
-2.928887332511348 3.369192338101824
2.3750458063252164 -2.9694643759978647
8.24456931208136 -0.502574106201017
7.386857792071504 2.910590609711713
6.399971422806925 -6.066334131991726
4.2768720712556005 0.2037224176005692
-3.6298134447784833 2.8260877266004543
-0.8910729952237293 -4.466353771351539
2.162561748284966 -2.6473923305131706
1.8693270200030643 0.03617998361513752
-3.9979340818775015 4.415953203472183
-4.323641160750505 -3.480295667227005
1.1818095812945826 -0.5515905502894791
7.892576280866364 -1.2844945148682911
-1.9592849915945325 -3.891716152635258
2.689194968775884 -6.645242421326402
-3.5389009102611464 2.5929667935231366
-4.260777203056474 5.0128343114048945
-9.668518474355531 4.165329224871679
-3.1559643249415426 -3.96879014776784
1.8690020346090397 -7.4793563520626485
-4.851250646318138 -0.29906737023924707
7.665291630122738 -7.116131358682509
4.051337711700312 6.821416010320524
-9.355618308044845 -0.1696034850908692
8.695815234055768 9.336730851106175
0.3320756633317363 6.42882928729896
2.6021266432349472 -5.430310162116604
-3.203988190864223 1.5074427113626139
1.7861430605871869 -6.578936740015482
0.9062570168603477 -0.2439696716776787
0.9497685208437985 -6.526224586028241
-1.0557231936828873 -3.4452717621971347
0.7187466935868154 -2.5695632589102626
4.181471983642902 -1.1616635765138068
-4.690505061196027 -0.6814070007416706
0.12269777504970092 2.0869688193985194
1.8757931781350141 -1.525166315327796
1.9815816689485581 -2.690802704478248
8.596292487626144 1.5716692241198063
-3.6090004501870636 -5.509827252515066
-8.268017779331664 3.924235117618975
-5.73688340183759 -0.5746108365376863
-1.7362332446729645 -5.764557659872123
-5.027778302832821 3.1704266802864765
-6.184214165308344 -5.4726467559000085
-3.537971010984738 -3.0987687470911878
1.3100629941672912 -1.8648441477608428
-7.212547016241611 -9.813139679625648
-3.702445746405644 0.8618381285016173
1.7936604133964225 -7.287718370930644
0.13810282593800682 -9.241361980194029
-6.8004410237160355 1.2633076619106587
-5.863673673015704 8.125474173898093
3.782317788469623 -4.4905000226864535
4.474284111531375 10.545762030677807
