127.67460810231432 0.0
0.23060628548063544 -2.075438199727345
-0.4157859313980701 -1.5488143992416379
-1.5970269347856583 -3.2152486198941874
1.3993156424820092 1.2037012377735978
7.09835913522354 -4.18475791994009
-2.1321898071278715 -1.8480168871741307
-0.88630419730955 -4.579592326446726
7.800859379129206 -1.1377106886844255
1.2249918700222504 0.05747209375053475
0.40043857643894354 0.18858131164684644
5.989018527647584 -5.528479664049027
-0.6020183822869516 2.582971658154891
2.573365044794355 -3.187077323930577
0.9503030990587396 -0.026035146295100287
-3.0798991012075216 4.10351900064374
-3.0708602187081064 0.6130165480073004
3.553182453681736 -4.81608036977231
-0.8762733370455715 -1.6970470423426733
-5.518943110259066 -3.5314177516115333
-3.5931373811840213 0.18436079835015518
-1.3133302830322597 1.8931860421671725
0.416404592787357 6.582922056812372
1.6991612075072153 -0.7378838592149801
-1.5548381737025487 -1.2309343419732333
-0.8044052190784237 2.8814970233016792
0.44748932921650053 7.474117557743841
3.3162607091896983 0.9586056441837857
-0.5297348670779454 -6.123866992203854
1.5564773825895053 -2.285036225214128
-2.313104129541493 2.5991405012940714
0.9139217115971281 -4.925899565385388
-1.3021911712142753 -2.0415049702947794
3.4837026037689443 2.6897722025048103
-1.3275876607406825 2.3957719754073135
1.6500919199278812 -3.9165560492497073
2.000683540360323 0.8503006985818162
0.18649638151492853 -0.7005766540286681
-1.6021553762760448 -1.9728042462856064
0.7405946471778582 -2.1101835779802647
-5.68040640606152 0.5042001940134472
2.1070884909209684 -2.285131993393631
-1.3352100144858494 -1.9750938470011747
6.3019816084742 -0.14345974157891606
2.0235290166731015 0.575354932044339
2.442289365083842 0.26288301028871786
-4.001869917890174 0.08077393098072516
-2.1005426944897017 7.837633106030379
-2.365206768594192 1.005550033870089
-1.1450617229920104 -0.5045837749864639
-3.3716669657695784 2.9299150100741302
2.922664899804491 0.22749564159903402
-2.433276569459114 4.843339764668174
-6.050240001716394 2.2585087568142237
-3.684878651395141 5.947148163552338
-3.1307872476800176 3.786110134971799
4.040348630455325 -0.15836605271038895
-5.372310492233325 -4.270005227474614
3.4373477635453797 -4.128795751772931
0.19854978396289225 -1.734219826953257
9.321332329886866 3.2764762674231003
-5.927337718216808 -3.268824833709103
-2.811544159012865 2.305344645140642
-1.8833782597791862 1.724575114937954
-5.93541326875345 -1.7216800559349608
3.9231915913399313 7.118471132338839
-0.4861435269123988 2.908933388139198
-2.3174378481225526 2.4692589052162717
-2.0287731118777534 2.5003086439302145
6.683566447097395 -7.714308311794755
1.1099571731487081 2.3717094691872527
-2.0548515058299768 4.51588795752888
-1.1823099866739084 -7.39286891513855
-4.96889382558506 6.017323132204581
5.911301606048111 -2.82402805105927
2.5091476908040384 -1.2528766697952483
5.082929503949464 -0.9274784328961461
-3.5638033932981754 -0.6157797363333843
5.727405143822855 -4.491405633933477
6.601148186819016 4.15060463324706
3.6675478007086038 7.377024450185489
4.992739390329834 -4.6130727131278935
2.8135661195196064 2.1827236562776426
2.016848397032577 -1.9190484246427193
2.839884807618204 1.1184143360122092
2.984119344559979 -4.952645403945866
0.642255889419014 -3.86580988848107
4.385777056680853 1.3829211116230864
-0.397283649054033 -0.44511416872130827
-0.6626286946555823 2.3737137298817013
7.107404299733897 4.369062581548045
-1.8044943946748342 0.5861686989726496
1.1629631636743163 2.0706414146525733
-4.008542296587328 2.64086339353323
-0.44873559669628127 -2.673670657605935
1.7023153661180066 -4.650878655674908
-2.9236847733522673 5.834642696943364
-5.191270198623063 3.6092965981543172
5.06401345399461 6.361187056598586
-0.6269927313610836 1.378460811722393
2.830627743839264 -4.386100394637073
2.411958529397417 0.5682832098242463
-2.868254248202231 -2.921233554494913
2.9548895868443417 4.494643293512299
-4.2606890860492665 -4.032848858701277
1.5450436594923054 -5.520617359402913
0.6720763310226147 1.1523003013201545
1.3689637096357372 -3.089707575878598
-2.090809292877786 0.8645147671351412
1.6029695832492503 4.339363552012456
0.6492874215128125 -0.7346965002803725
3.1887785750804833 -0.42847489964623264
-1.6991166949968017 3.88723239672287
-1.4154394618998112 2.8347224409813827
-3.561129871745124 4.029010785442387
-1.2365585543455064 6.926277476051372
0.6210369618583381 -0.21831281434485406
2.099301255600529 -5.501935206981576
3.4754372120060744 -2.81467541315955
5.28133575440576 1.8714387632566196
4.543682393753461 0.060846557301103665
3.364814671281498 2.0299110415214225
1.3781318028210212 -0.17670133221940487
-1.656424242484328 -1.41087059061132
-2.137113913947542 -0.6200020011908677
3.9450222258888803 4.441090492853534
3.4959777828051046 4.7690837279287415
-0.21669435611356258 6.255541343466672
2.651658648651555 0.0
-0.21669435611356214 -6.255541343466674
3.495977782805104 -4.7690837279287415
3.945022225888879 -4.441090492853535
-2.137113913947542 0.6200020011908681
-1.656424242484328 1.4108705906113195
1.3781318028210199 0.1767013322194051
3.364814671281499 -2.029911041521422
4.543682393753461 -0.06084655730110344
5.281335754405758 -1.8714387632566183
3.4754372120060735 2.8146754131595486
2.0993012556005284 5.501935206981574
0.6210369618583385 0.21831281434485383
-1.2365585543455062 -6.9262774760513715
-3.5611298717451243 -4.029010785442386
-1.415439461899811 -2.8347224409813827
-1.6991166949968017 -3.88723239672287
3.1887785750804833 0.42847489964623264
0.6492874215128119 0.7346965002803724
1.6029695832492497 -4.339363552012458
-2.0908092928777866 -0.864514767135141
1.368963709635737 3.0897075758785975
0.6720763310226143 -1.1523003013201554
1.5450436594923047 5.520617359402914
-4.2606890860492665 4.032848858701277
2.9548895868443417 -4.494643293512299
-2.8682542482022306 2.921233554494912
2.4119585293974173 -0.5682832098242471
2.830627743839264 4.386100394637073
-0.6269927313610848 -1.3784608117223927
5.064013453994609 -6.361187056598586
-5.191270198623062 -3.6092965981543177
-2.9236847733522673 -5.834642696943364
1.7023153661180068 4.650878655674909
-0.4487355966962814 2.673670657605935
-4.008542296587329 -2.6408633935332304
1.1629631636743163 -2.070641414652574
-1.8044943946748355 -0.5861686989726492
7.107404299733897 -4.369062581548046
-0.6626286946555817 -2.3737137298817004
-0.39728364905403213 0.44511416872130816
4.385777056680853 -1.3829211116230862
0.6422558894190141 3.86580988848107
2.9841193445599785 4.952645403945866
2.8398848076182035 -1.1184143360122087
2.0168483970325752 1.9190484246427184
2.8135661195196064 -2.182723656277643
4.9927393903298345 4.613072713127895
3.6675478007086038 -7.377024450185489
6.601148186819015 -4.150604633247061
5.727405143822856 4.491405633933476
-3.563803393298175 0.6157797363333858
5.0829295039494635 0.9274784328961467
2.5091476908040393 1.252876669795248
5.91130160604811 2.824028051059271
-4.96889382558506 -6.017323132204582
-1.1823099866739089 7.392868915138551
-2.0548515058299777 -4.515887957528881
1.1099571731487083 -2.3717094691872527
6.683566447097395 7.714308311794754
-2.0287731118777526 -2.5003086439302136
-2.317437848122552 -2.469258905216271
-0.4861435269123979 -2.9089333881391983
3.923191591339932 -7.118471132338842
-5.93541326875345 1.7216800559349608
-1.8833782597791866 -1.7245751149379531
-2.8115441590128647 -2.3053446451406425
-5.927337718216807 3.268824833709103
9.321332329886868 -3.276476267423101
0.19854978396289136 1.7342198269532565
3.4373477635453806 4.128795751772931
-5.372310492233325 4.270005227474613
4.040348630455325 0.1583660527103894
-3.1307872476800176 -3.7861101349718
-3.68487865139514 -5.947148163552337
-6.050240001716393 -2.2585087568142237
-2.4332765694591147 -4.843339764668174
2.9226648998044924 -0.2274956415990328
-3.3716669657695792 -2.929915010074131
-1.1450617229920104 0.5045837749864623
-2.365206768594192 -1.005550033870089
-2.1005426944896994 -7.837633106030378
-4.001869917890174 -0.08077393098072472
2.442289365083841 -0.2628830102887183
2.023529016673101 -0.5753549320443395
6.3019816084742 0.1434597415789156
-1.3352100144858476 1.9750938470011739
2.1070884909209684 2.285131993393631
-5.68040640606152 -0.5042001940134471
0.740594647177859 2.1101835779802656
-1.6021553762760448 1.9728042462856066
0.18649638151492898 0.7005766540286684
2.000683540360323 -0.8503006985818158
1.6500919199278812 3.916556049249707
-1.3275876607406834 -2.3957719754073126
3.4837026037689425 -2.68977220250481
-1.3021911712142753 2.0415049702947794
0.913921711597129 4.925899565385388
-2.3131041295414945 -2.599140501294071
1.5564773825895064 2.285036225214129
-0.5297348670779454 6.123866992203854
3.3162607091896987 -0.9586056441837856
0.4474893292165021 -7.47411755774384
-0.8044052190784241 -2.8814970233016797
-1.554838173702549 1.2309343419732337
1.6991612075072164 0.737883859214981
0.41640459278735686 -6.582922056812372
-1.313330283032259 -1.893186042167172
-3.59313738118402 -0.18436079835015523
-5.518943110259066 3.531417751611532
-0.8762733370455714 1.6970470423426731
3.553182453681735 4.81608036977231
-3.0708602187081064 -0.6130165480073004
-3.0798991012075225 -4.10351900064374
0.9503030990587393 0.026035146295099842
2.5733650447943552 3.187077323930578
-0.6020183822869513 -2.582971658154891
5.989018527647585 5.52847966404903
0.4004385764389433 -0.18858131164684666
1.22499187002225 -0.05747209375053508
7.800859379129206 1.1377106886844248
-0.8863041973095482 4.5795923264467255
-2.1321898071278698 1.8480168871741305
7.09835913522354 4.1847579199400915
1.399315642482009 -1.2037012377735983
-1.5970269347856587 3.2152486198941874
-0.41578593139806985 1.5488143992416377
0.230606285480635 2.075438199727345
