7.851199145504093 0.0
0.22305399110913654 1.527475612619614
-0.004367561543095366 -0.6272788256419684
-0.41149297538759044 0.9157419006449553
-0.9852943116262074 -0.0015617109343704083
-0.9792727313740932 1.4294579610914382
-0.5841637121281513 1.105520860058473
0.5893480174938142 -0.6882746809645872
1.9319738240446709 0.0
0.5893480174938142 0.6882746809645872
-0.5841637121281513 -1.105520860058473
-0.9792727313740932 -1.4294579610914382
-0.9852943116262074 0.0015617109343704083
-0.41149297538759044 -0.9157419006449553
-0.004367561543095366 0.6272788256419684
0.22305399110913654 -1.527475612619614
