32.705591112450165 0.0
-0.00537431214328099 -1.3353326771199594
1.6103533877649534 -1.729119823925481
-2.739431526820195 -1.514835683118026
-0.009960528625578502 -1.092932109946552
-1.2835014843719252 -1.8197473801299826
-0.7654078613074413 2.007031105568796
0.5575639672610602 -0.6156489634900226
-0.7874137942441515 1.8031132179702867
1.004605352491791 0.8905221620535305
1.2667484989079174 1.1836477771777694
-1.465721981427376 -0.9047469554958107
-0.7363519305736342 0.26884257169126513
-2.8422586091101363 0.21319920341019533
-0.5304626098464434 0.7106479430595124
1.948196405448655 -1.807947805963941
2.9771076648143886 -2.0641160603195843
-1.0468596509270043 -2.7424828507254992
0.21734269756226954 0.8255745005993723
-2.9234476854903084 -0.4934546638921167
-0.6472387374857903 0.9552235391573357
-0.8035043324768489 -2.338500498152459
3.4620053826509074 -0.3117696805072981
-1.766417686746609 -0.33320242321210675
2.0458981086368455 1.0441820497092473
2.8542565494393424 0.6111883923399563
-0.9381706982959013 0.4519368823213573
0.4753380044522645 2.4509750100086736
1.5263905365291777 -0.0024303998341969058
1.1371647419497064 -1.151225315155005
1.0776396549420437 -1.5497175212851177
0.7319560193027651 6.251834731940491
-1.2528816145390902 0.0
0.731956019302765 -6.251834731940491
1.0776396549420442 1.549717521285118
1.1371647419497066 1.1512253151550051
1.5263905365291777 0.0024303998341969058
0.4753380044522646 -2.450975010008674
-0.9381706982959015 -0.4519368823213573
2.854256549439342 -0.6111883923399568
2.0458981086368455 -1.0441820497092473
-1.766417686746609 0.33320242321210636
3.462005382650908 0.3117696805072982
-0.803504332476849 2.3385004981524586
-0.6472387374857903 -0.9552235391573357
-2.923447685490309 0.4934546638921163
0.21734269756226976 -0.8255745005993723
-1.0468596509270047 2.7424828507254992
2.9771076648143886 2.0641160603195843
1.9481964054486554 1.807947805963941
-0.5304626098464437 -0.7106479430595124
-2.8422586091101367 -0.21319920341019527
-0.7363519305736342 -0.26884257169126513
-1.465721981427376 0.9047469554958113
1.2667484989079179 -1.1836477771777696
1.004605352491791 -0.89052216205353
-0.7874137942441515 -1.8031132179702867
0.55756396726106 0.615648963490023
-0.7654078613074415 -2.007031105568796
-1.2835014843719255 1.819747380129983
-0.009960528625578502 1.092932109946552
-2.7394315268201948 1.5148356831180263
1.610353387764953 1.7291198239254812
-0.005374312143280657 1.3353326771199594
