1049.6292387893745 0.0
0.5477977639297844 11.723219419183872
2.0740330330613674 -10.180610658278288
-3.5880679479372533 -1.318999284034906
-9.698715265737226 -3.166286528357779
6.423711541476548 21.569178790288756
5.856904017037465 10.717314967996334
8.866432541733415 -13.382050995552593
0.5980603032566414 -2.077590492276996
-4.534478122509745 2.663114545668004
18.37445779168126 -8.962147546884623
9.477574663821489 -0.8736436426255362
-1.5989585199115925 4.2119401530493015
-10.78147242663429 6.949783361968402
0.7675203856449722 -6.916851213499362
-5.139042964291564 -14.236368063216654
13.053424079077699 -4.520011311127239
5.962854184894459 -4.363680123330197
17.986788203236124 24.782323621620336
2.1229130337139535 -6.852759940087811
5.821808800216831 -6.824996416674041
12.566111722431476 12.64542533821156
-2.4374347791187647 -0.27183639142308236
5.243807669481157 -23.407679475149752
-7.746219377264754 7.481625165176839
2.2618266992833327 10.232183013059267
7.124930723732317 20.444685884806702
1.3677096709906507 7.649286442975763
-3.8393520878814815 -4.509742574064255
-3.3868199887738246 9.250889652591553
0.9608900027861267 -11.200581526517684
3.5375960521984235 -9.011438485750435
-11.350344778618712 3.598480588736404
8.271897333557682 1.0293040592800953
0.47475506317445326 -23.211644242170664
3.062748949229509 -5.517824426036636
-5.7245025602080695 9.18132316525308
10.858929857480945 16.74181213623638
6.802500344172819 -4.886972523113061
-13.786618589436152 4.275313205869097
-6.526482710791236 -6.347617265514562
3.5585768036571856 5.877965207016962
7.812690271732441 18.570650113089822
-3.510661921116151 1.9313045892717873
-9.421763900499563 14.796912235485596
-8.461119190302359 7.377719940119845
9.172714945086994 5.362883751038364
-10.017999132019005 6.868253166448878
17.69581806451846 -2.6725083686373226
-6.857075825080498 0.7440737098753178
-3.162262982166623 1.7102686326608625
-2.1297462425626428 7.576243977802989
12.5644798866618 -12.36533161156477
7.563475902975027 16.21289902341062
-0.12317171322825038 -10.939397249195848
0.2736465978299063 23.449809722000683
17.59702785120881 5.963877410360091
-1.669120222551058 9.331661182262726
0.21176245940103655 6.796984943204459
5.178402590620004 -0.7603365519818963
4.188585395279688 15.241379809615532
-18.5015104198907 13.809179000805187
-1.5889892579761642 2.2008037448552082
2.1140395867812423 11.984270991529247
-0.6752498191963339 15.340710409986855
-2.1898357680517684 4.878409178312772
6.626339201120404 6.887158344593493
-1.1456134121242054 0.4636104955439708
-11.1237176247338 5.22563979594891
-16.98391649742529 8.740907306147804
-4.047505715345775 0.5231250000256091
-5.241953704738563 11.337864517547793
-4.540734050852464 -6.8354425058569905
13.770183528601482 5.060126765792246
-8.311169554435299 8.842567427976473
-15.97264122910359 -11.420390990269201
3.459441487355682 8.744069572302996
-2.326088501518085 7.357740230411942
7.884542844493799 -16.565911609414954
5.133123837345236 2.516654066483162
-13.498655867057916 3.1972669261958107
-3.8627583074551435 -17.715752466485952
22.33775662363351 -3.8107758443945303
-5.426136949793645 -1.653251523409522
-6.243798536124995 -7.74713579348197
14.115857519820644 19.221721720547066
-13.402409369175741 -1.0033651093085183
7.421012686681177 12.628071866178812
4.646058632619743 -6.050946060054115
0.9951320011402203 14.26524515528915
12.723809998723855 5.035925425232909
-6.485377321186721 11.276675622807623
-4.5998472460660516 -1.1717293112125269
5.914680868545281 2.372296618923561
15.248823781214096 11.907761594612387
9.468877269171056 -17.716617495499623
21.296807348656863 0.9116266958536017
6.709441593141808 8.660148160149319
7.3504066690944185 16.46269488609299
-3.5317549705278437 -9.188951793545826
1.6133753561288193 15.394840575103672
-9.11004854403824 4.093677772531154
8.253790998601268 -12.521471281770932
-11.770060782221382 -9.475525075408484
5.174212246162781 -0.7714185168579104
-31.600298021377235 8.955726675096155
-9.707893135346257 5.452736232658554
4.197131803415301 0.5397638255998096
10.186194482411 -16.90319366828786
-8.421533380602547 3.9858444885195663
10.113651660781501 17.770775510024336
1.1944468514118907 1.0797395001296701
4.539544166058989 1.9577202237579687
2.4766704560266017 -12.163163452630723
-2.3119613756785933 6.495235192345657
3.37561070817502 -1.2511307518885075
-0.0432366535166242 -5.254080154785489
-16.765324007384745 -9.599905018883954
-2.8854829071059105 3.0019721445106438
12.6171558618755 9.633926588997848
-3.232614864853316 1.7886965904852503
19.296432281423026 -12.168807934085008
3.1796373395040853 11.987456493697593
25.529416704288966 25.97564960242019
-3.972374951699619 -2.982535337486481
3.9692092536787573 18.978056096381525
7.673751395523903 4.529032010176138
6.6439540718358785 2.1973208497026526
-1.1458544440379193 4.567135252824469
12.602316031477105 -3.619047116814653
-0.8045897970583544 16.162770976273556
-4.290394524870988 -19.09501212705149
-16.368007483323616 -10.57236018418914
-7.585473695198903 14.507304227021574
-9.065790313414723 -2.3150221151224097
-8.460111111485066 -2.9517408431479426
-10.33585459193825 -12.153864927377253
-9.176396473465708 15.490246419603904
8.896022816511495 -8.681364085576531
-5.762490521567884 11.414346291337175
0.8679254663278293 1.2255369375656624
9.704725892796485 3.700789726306027
8.415569569471028 -6.839007682306151
-9.935915630338766 -0.18953767726664594
-14.59876891443325 2.0577688492682027
-16.82802309059926 -18.13326045585798
-7.051075344383388 2.05814178587915
1.775956038521772 -0.5942223591327069
-3.420575173990829 0.020125182839875855
5.441548071388738 -2.976217295130215
5.474328499067163 9.933610299011429
-0.2003863406872628 -8.47423902840665
-4.854892916014896 11.280441945396191
0.0722172050504879 -10.087276039601392
-12.36726700186258 7.039835668146468
20.871187481143846 -18.75217440959309
6.1427914968192505 -5.3232411726705235
-0.6780265317698602 3.7808760783441184
5.03865910816603 8.656858300003822
5.701261716835914 3.959113667969416
-8.716954741264495 -1.712514283481446
4.158754663828521 -5.648695317827539
0.4888284894363131 4.219131740425054
6.18547918629073 12.428527990123364
16.3807984243753 -5.64318919982233
-13.31097177008268 -11.222857639979805
-11.70578800666428 -8.871877892161743
-2.186435726038378 16.221216239051273
3.602621248896461 -0.5579819283219845
-11.134009647531478 8.755863283967424
16.899983863715047 17.546321184499064
9.91959933657731 13.94462216180014
2.286668461926878 16.007349130632186
-3.2646358553358095 2.7826508997835884
-12.282314904923439 -12.540861163737755
-4.759502662834411 6.524328581890307
-14.44689365266043 12.793193542905522
-3.35251760569076 -8.820661941918043
19.47982393578611 -0.5568251394439963
2.9708678749216326 -5.822368040853608
1.4089774097897787 -3.957273675201547
-0.3565528849474928 4.673276904872628
3.9943878377227016 -13.700127981829292
-4.595308443925365 -6.217103870847661
-17.710867639528693 12.861839897726988
-4.046523398978584 -8.845336601263272
-25.09298817097413 4.431756954702898
-18.38884874375224 -0.8934711332474681
-10.986136660594578 -2.105153322220626
2.5809373912474642 -8.909389249842729
4.617894150894914 6.293851305053048
-8.753872503813405 15.888926594464424
0.91102695847188 2.365130786348592
-0.6649824791468122 9.110664986099428
8.40637824086227 8.318095554052906
0.10539082319552695 -11.04153870567518
4.6944122840414435 -9.300646366487735
-14.62623457232157 0.9771725063915722
-25.07486936361409 -6.590742211418451
1.3153403352727935 5.142410161924506
-5.440816324608617 8.71142414492046
5.1135171916879125 5.740556129213044
-1.2024668421782554 10.756606051784907
12.497507399682842 16.646009136967926
-7.286210949690729 -6.311126211886787
-0.4475015485101046 -4.446494918462852
-7.992981032503105 -6.967201477907458
2.926132681350194 -9.033877057799529
9.119379416112785 -4.858178181238351
8.894873579505925 0.3154875392326737
6.296042440512872 -1.3115601177276481
6.413796016452035 2.7723312655718297
-0.6245162905077946 -7.059546164289134
1.9536473816525688 13.436056344294443
8.280311796588453 -2.156169845530091
13.605365241220268 -12.55216978651818
-3.682470071135869 8.094829902408918
-1.8672424480391037 -6.374731395252497
2.105168018355359 -2.1644524032596495
-10.877185984960713 -16.11788641558946
-5.0324621365626445 -8.535390400766746
7.825991792909692 9.604384858957486
-1.7906608209374255 -0.6355883526922594
-4.606177699639991 0.10599568655859404
4.209263843267727 -5.867890254448021
-9.248794609866946 2.87846290036872
8.461407402092707 4.733776338314495
0.7685874380190594 -15.0490380635895
-5.710224266862577 -2.0715611969984025
7.0181205820670645 -8.99392679639026
-13.237934273834995 6.744846862965679
7.281724007480035 -1.620589702695409
9.484679716054192 1.5763601697599228
-0.7910616671317605 11.390204368143635
-8.412976593364675 -5.311590561895687
-4.421500626590038 7.782358748353348
18.10343833669068 18.829988531663545
7.050792859557596 -5.617815955855068
4.8461971823381145 -18.655387109769073
-6.789040415572829 10.294286810590469
4.788764621895778 -4.028695413547492
-5.495962927554295 -5.475362773885777
4.777408627148229 16.579079443559372
-5.180050214294946 -4.849965993236737
-0.5625500166085153 -5.325012044477626
-7.211487927863441 -8.148941587372207
1.7438254238500148 3.472805465979465
4.17267393214453 10.253900253682975
-1.0459674372138879 7.745127522859864
-3.834721393003016 11.742507528583522
6.553051701192422 6.039481515508653
7.13838942340749 3.016858287573541
5.977322683077331 -14.924673780592467
1.7459454361134483 -17.825451609349532
-4.35998751328893 7.894493192670527
-20.713294456170807 -13.582077242375737
-14.071452731218272 -5.973991071688838
6.06606965762456 -4.89293729804456
3.3671778042272775 -0.6480531635265558
4.988858359698401 3.604725334805286
7.791043829099151 -0.32999449869451025
2.5030307005037784 1.8845097454232382
-2.118278798377797 -9.889339638612064
-12.907888086484919 5.041410525325908
21.74429185941371 14.77880655624312
-12.096414955521173 2.3757013915989003
3.1873003984178987 1.0468268759557624
13.066446747834135 1.3390858761839803
17.07129512149823 -6.693973687722119
19.54372689830457 -2.9580304023229287
3.9212021838062254 8.48000653352809
0.30932475803577164 -6.322635913360546
10.525859409941688 4.702902041281373
-6.574725982041157 17.837694722647562
1.2180364060709206 1.2937025686277321
16.70133794871181 -4.534118624799519
-21.345378140299143 18.2353249644106
2.7241790100042813 3.8855468518954503
12.29673833380915 -6.55329446432058
-23.388203308347954 12.390688103265934
17.41761674093189 -6.073105678247442
6.046321782568423 -2.538076297444772
3.7082013239091207 -17.744943959746877
-20.25503747881592 -0.6185770470971725
-0.0145334803990127 6.891811749266878
9.374312811424232 12.941721144450147
-3.9909470282477297 6.687464902065165
10.415100923542909 5.869130786074213
13.238836555874766 -0.7939414416795598
4.810233817553085 -3.888086290343783
9.939607245571711 -9.101658979797685
13.022479829138325 0.568342667343277
10.863830195137762 1.7805207752047476
3.1997318635903587 4.50604968095865
-4.513080988576892 -10.939148192019028
1.8827709476061916 8.239190319682582
-15.968584995755883 -1.3952309846238717
1.46299576885397 5.28844524428515
-4.426099879704881 3.751356408773269
-13.935237854871994 -8.317541966397954
-7.448343291593766 6.269361165575752
-16.02113285786679 -10.080872054616215
1.2994952778423006 -5.467371905406173
-6.307906008251681 -13.374048272205151
11.701535834147023 1.9687173529360376
8.1549242621705 -13.811402048235475
-0.3457974445142873 -5.259611172415424
0.9095670950010359 17.4325039264843
-0.168051603940089 8.821497668911096
12.34763978816876 11.706052666302952
3.945552008255808 13.877871482407915
-7.049612031925858 -5.484679738393308
-0.24810441629217017 -2.8896787870275578
-7.399858536920108 -13.467024876837424
6.322669304035487 13.08892468365191
7.745341801749454 -10.67875974733828
-0.3860193726992751 0.42221519349053827
0.6186243039109005 -12.23615807757451
-12.124037932836009 -5.505140482300233
-2.108801675665604 13.641167077958364
8.473582641161148 -1.4271929112779596
7.589027525752323 -0.2123498674521347
0.6897748179824452 5.22223439669464
18.386403670171305 -9.808529112828108
-7.010395484151921 4.835128485803694
3.7576146095789547 -5.530736191779522
4.461188094520777 -10.580517848305938
8.939923989328662 5.503234220632443
-11.896327781547264 -2.291439308418213
5.838811872595281 -6.254351417397211
-12.135198491506117 -4.211170548728212
-13.26831846030182 13.422028756312706
-18.85717008920891 -14.523200367611146
-2.3664660868008296 -12.065737161261415
-10.045053261772416 5.343624275024481
-3.564764550082124 -2.300133629234034
-1.1446410607864221 4.079546447839984
-3.002040987066822 -2.861461626972375
-0.7758004117332788 -2.0073471915629106
16.91566338555697 11.762833349071142
-0.6892592187661395 -1.2582421543938969
-2.407692231983564 13.077134372596205
-17.341832409332504 -7.2703656901550815
22.25211835357036 -11.316351648707581
-19.1111192242493 11.711925340170222
-0.29534117875911425 -1.1093147804323973
-8.048329541387838 2.8289941451322935
3.062265704486941 -1.6561600630854505
1.9799750007008052 -11.208709666026138
5.671691220336951 5.754025643324287
-10.849308442397092 7.2450586784909055
-12.848679515883646 1.3619291527539175
-12.655572171887188 19.957743320111124
14.137476171876306 -3.290980911512291
12.293444810708161 2.393437090746831
4.3935327704247555 -0.4678587134050862
3.836195690209583 3.0485972582037157
-3.362968845742914 11.333354316669656
12.771889026517107 -4.537231451882137
1.0765959821305393 9.263250270489582
4.429647324695152 -4.344735902659884
0.7601992099059942 -7.5267199575007835
4.4246197064396835 0.37698557015832534
-0.4651227553517676 7.367590655850034
0.8716982660527091 -14.56387631314225
-0.14675312306967614 -2.1750798942169567
-4.7569782581671545 -3.6298113269111196
1.6961975863498822 2.693676836167943
5.0791898685683865 -7.735221113748873
2.7316650625315275 -12.15651124483265
19.758919473238002 1.5668135954266065
13.543954307446711 3.9211358199689896
7.3591926334869475 -6.220014577016944
-13.001696265711491 -6.935545280711959
-11.510185226183918 -14.809378985077077
-4.9713788515481 7.726320420366445
-0.35575278610363803 -13.575315171257175
-9.500114468010107 -7.004202338561409
-8.800055191486809 13.30947402584681
9.507765782462343 -2.0748160306798242
3.178419413113714 -6.252462233013409
-7.218320748687531 -0.8745717588534214
-13.741108700631925 -10.433502700067834
-2.3482946819990227 7.616815849830937
10.986427430831789 -5.246323971373993
-5.826680488656185 -1.7471527186179188
7.068821255297831 2.3067296187369726
6.849148089857613 -8.996116407888826
-6.996652414606325 -3.1189310940532273
4.558359414559076 -3.3427660185880876
-16.45181815359126 -13.187706324509323
14.138895069404017 1.028662341187582
-2.560620109616022 -3.558787516819431
-3.447347461011887 -11.3020809879966
8.704003996896986 12.34114399490461
4.419558931009144 -7.58890970121784
14.797153150638065 -3.201379683845266
-5.126509790416778 -1.2941833470300628
-11.461438790673762 21.252151505883408
-8.059347947364422 -0.45633257221917667
-7.27539011256728 -6.172071806278351
-13.996741133013039 9.970873452979518
-9.583418724056783 -9.863003137672138
-5.18441089824339 7.8075743322838385
-9.75568181621217 -2.128856386694961
-11.47390675138597 -3.370053062165086
5.494441970822322 -5.090780568170508
11.344297881388814 -13.519547491553478
8.046381307460727 0.9006265601363004
-1.084138177552716 -5.412658831653601
4.540297381348437 9.573332904707748
1.3447815578632158 -2.8000817308432078
9.122091830971154 -8.452074354818851
13.792045658570164 -3.1963248625499414
4.521620215882179 -6.848462145051815
-9.085814148360509 -12.778169111576688
-2.905998772637111 15.693259958487065
-0.404016632492608 6.931674555478548
-3.2678067297595854 -6.894081112221103
-2.6575658571583833 10.821938426745708
4.209449110493208 1.4200931931675775
0.35083184667327183 -7.937479357539818
1.6774261325545976 7.744715755451042
1.0138512155530979 18.7510847284737
2.9057770586594573 6.879099824309581
-5.082085947996233 -3.4736933208311305
-4.326635753173207 -8.435145273094907
10.354334252350128 -17.43929230282138
-14.893539343757654 0.041964342993772163
6.307648706323956 -5.304694903352754
-8.355651497415328 -9.109703772948754
-7.50573966087621 -11.443059553767725
12.008439153227151 4.840163541723133
-3.9965657620896327 -0.6369408212228898
8.242577862984156 -14.320112898451837
-6.643632424938065 -12.991630933767082
-2.3489182728813143 -1.7697576374252801
1.5335180979399397 -7.70432857952717
9.59705884488734 -5.80981367223675
17.192164391334494 15.272331465294062
-11.963072669756606 13.017595073310154
0.7446970942493525 2.897151861292281
-15.341733944301135 -7.750509349755446
13.909590716990776 2.77634336172303
-0.7331685229797245 5.46144789400513
2.403125707909624 0.8258356113539591
3.370683680665976 1.2922741371945965
-6.811064794094601 -1.9521412359982113
13.844845003130299 -6.2131550800597894
-13.288652913099108 0.7743277749008608
7.766209656189316 6.748942879848749
-9.33898266875613 -11.063304747251586
1.7263894941294513 8.33132852121441
-1.5293727723479718 -3.221351515585683
-12.5584938727174 0.5998842916848113
15.246947754288552 -14.10221906922535
5.529559007213719 2.9865350866846656
-7.457157498610702 -5.906211159301258
8.933064879109274 3.8531929944483987
-3.7223012266249382 14.4670563437729
-7.598013932183176 0.26787521081734456
-18.608405448402078 -14.850096028342366
-0.6489440655712664 16.723148965829935
0.05822964313294943 -1.2167938117938775
-1.3447681496491986 -9.954486465451312
-17.98943095328556 11.72751874630773
-12.795709917369782 -3.7376094262499917
10.199949272131313 5.3766904546552965
1.9383664944234034 5.074017340175548
15.980722108658117 16.347477705899728
-2.176255379641686 -9.227838979196605
9.318594465305361 -4.254559553323645
0.1721418469988525 -10.613093838676088
6.22747943807554 4.342433774907766
8.16387399616718 1.7632945143534982
0.008977233855357425 -0.09123527072719462
13.53640099015604 -10.210186867895668
8.954233592738099 2.114512348941524
-6.068198879295382 7.208856670962289
-6.741619732341499 -3.5315449655854407
-23.278109818808815 0.7142905285481045
-2.4862693483490252 -1.9592500722003061
2.397752592555845 -5.761473763502279
-7.820000559883112 7.652364907870352
-14.982576910663816 0.936696229222016
1.846864308919809 6.392757945377583
-4.884111231636644 22.922699974714543
-3.0161391041027468 -3.13065169160555
3.8843508787993137 -15.862422470998892
-3.355175014424005 0.03024165794769118
-11.868674254253834 -0.8630923829728996
2.9127055269220303 7.179634469856834
-2.882372122157976 21.953099373433766
0.8398634124088029 -12.329829811547617
-8.708974325745746 2.1395549059884686
-2.6113756811293456 4.985581266284131
-8.708970533984951 -2.229755538364298
-6.672464929804727 3.6920574267857376
13.125718753777605 -10.803671031873886
1.186861515893282 -7.178238450613533
4.288088619152804 -5.905665204258385
12.010804949635192 -4.635593784924426
1.0160605918930248 2.1780103723099726
2.606580960295808 -4.885947564512717
-14.48806293196637 6.07764562143179
13.625226131869537 -3.731255083725939
5.966362293835694 3.3325444528443695
6.477384174679271 5.7226882580167535
-13.58598580375839 -1.8643760183082208
2.822213697333438 7.415892818775953
-6.095052598772529 -2.1903412443564862
-6.128290545701917 -10.520203653676939
-6.973453782963645 4.9571586659809554
4.016861082491346 8.368245231762577
6.140829407478882 0.21122577638989037
-3.5801825294082734 6.813854727312409
14.028596311074676 13.173661378834558
-9.006197529657122 14.313594321836295
-16.635985535560266 -2.357197256807572
3.3202340625157225 -25.986945885286367
5.981364444277763 3.1112849357361814
2.8101120705773512 -0.7445217331825145
14.997368460813629 0.43534371795841686
9.128771114072418 0.3757915890986574
-14.105335668227447 -8.497742369015345
1.9613260763276075 -2.5025190486424567
6.261763851772908 19.42887226891191
12.339931138611664 -17.555701820613805
3.259381068150536 -6.400686629293424
-14.368867674957357 0.3135508961459599
-8.356519947550996 11.650930479648954
-6.827722526360377 -10.423675946312978
-2.4429050321780212 -4.482795236279838
2.6590848906997544 -3.419258194791488
-21.66297891247295 5.832882962849055
-10.371137306590056 1.1033761315631763
-17.95586111207082 2.612041233023371
-14.166855914804941 11.998989926213962
0.6197325012224599 -14.79451848860743
7.601347430453224 3.9268810172879913
14.828028134256984 4.842431501270619
3.0101338770235357 6.889822353955044
-15.916092716576772 8.307808689290546
-6.3207194371945 -2.3518739447974015
11.277732187174564 7.717289164842899
12.683839274581231 -9.526760644163279
-15.367867760220102 0.9145242463068137
-12.886587774618981 4.899608687035766
-1.4495243390198862 -15.760304525242809
1.0162791940097926 22.915609928072328
19.76494342948025 9.095135255255482
-6.613512491844696 -19.10802725903002
-3.242445246145105 -6.63955748236685
-1.5922149366034866 -10.421276039300562
-2.1848093275932694 0.6931808733167664
-20.600292345939224 -3.5797131364332095
-3.902309155043338 -0.842787935338464
-17.603780269734656 -5.691814242364674
-13.738334148351033 -1.1539317025332427
-8.499679206777163 3.285369011418215
3.4219690026581118 -2.3984346975734527
-7.2732444798289935 11.211507498498976
0.37088252827663126 7.04109845955648
-1.167974974408919 -3.5797656169631917
13.27667841643623 -4.962862850851649
7.333802597210444 -4.770046939535502
-4.244488598849902 3.3786597671505434
10.097811521394334 -4.781995141932404
5.25536030290711 1.697442239293601
-4.0410611767096505 -10.844333971048382
-4.966929322400721 5.031833814724269
6.778303512034198 -8.115175687805966
1.3218319273503036 6.064133753866113
-15.127759757309121 3.491393247349095
-1.6421902470757996 14.217297208922611
-3.5189980951309234 4.021144267165761
7.104437307266307 -12.819164367274762
19.33526531147331 -10.81915120811325
-4.549273237149602 -8.692803961306465
0.16281570895272246 -5.401427180556774
-19.982313268500143 1.2183831272763435
-13.854142637827334 -12.947884027672156
-3.8133555580454246 4.086916290763293
2.2023639212866932 -13.490359148134768
-9.32092468011806 7.014841435319196
-0.6192010599723421 -6.446670806567424
10.247058437329509 -9.196803524490186
-9.154700894962483 -0.938452950641743
1.2498605520658639 0.41424811935876527
-17.530275925025116 12.02590948768497
-11.235553499516822 -8.443822681333542
10.788014599616304 -1.1139688898263034
6.953102851396296 10.807094489788522
1.1649746912843177 -16.12956308046973
-12.554046676329385 -4.49989195607394
4.916538682304868 -12.307275270193998
-1.7146686214945799 -10.104206342465808
7.915896747597493 1.1550048777878459
7.566044556458198 -6.334228220217618
8.398222537972485 8.80990619829155
8.925733632104022 4.213606277436662
-14.908570252455597 -4.703105475101267
-4.387472303516243 -7.093026683210647
3.143827509793562 -6.933880496517093
6.064440564970252 -14.683715761103858
7.972177120710084 -5.5989254667662465
13.988846702630276 2.215969751040549
-8.716010078607546 2.6835460177228914
-8.279683670555299 -0.5872153342186648
4.574043675522157 -4.3827471450983
8.810219722571965 17.43658921468738
3.7581707127791635 3.1601580748884013
20.958640139828503 12.005319690475863
5.0821981052901775 5.559072035632724
-12.927114172287036 -4.359155159275122
-3.4306552103646255 -8.180131529544877
-3.577620807751482 5.500879414549446
-5.340705638155079 4.289500224351288
-11.95129495438202 -12.482725821423674
1.1290493747138797 11.221386010803354
0.1682142103560489 -8.82905322829842
-6.58589040380445 5.273447368830626
8.06699988280636 -8.203397191860258
-0.7148435949168617 -11.261316830212293
-3.169591822844648 12.745988065840884
8.201212045800755 1.4162030373727639
-5.52262582807386 -1.315250260390938
-11.676271166001442 -7.844930253175419
-3.6802247193458335 5.45827850634793
6.858204661428019 12.932716401075659
-10.387021760828983 5.412006479553348
16.30485350700043 10.206187609303733
3.4772488785548696 10.769342235099533
9.737485989358765 3.80338602780817
6.2214074910273665 4.8681643636276455
11.01961558593448 -12.809455851713246
14.537295288257182 22.570194677847727
-18.605679795168363 9.052640705585182
-9.945177711220817 9.246613881541188
1.492782480917604 -6.890886696148184
-4.708738693738458 -4.986338985743213
11.676114053938642 -8.23588927930237
10.705614558200232 -12.0284003111804
-7.999300966090007 -14.46252457284472
-1.0338348676602553 -0.7965156664106501
-9.686262705840072 -1.9344760896458397
13.547416658987956 5.408875801258114
-1.4576832306020204 2.008959079348384
-15.41221803096635 0.7663583781691043
-3.1910174941393072 16.88702391443356
5.176057360992351 -0.6675545950178243
-6.418849429529683 -2.90091832943596
3.743883947971518 -12.12153273757865
22.07889892449662 -6.1960617589803135
-21.549871426056235 11.845061584986489
-5.060497619525558 0.42607807246512586
6.526376132333634 -2.995104475861444
-6.6166994766575815 4.324608897484024
4.593530513040099 -1.6957802805720457
-5.4085699848557 -8.641821310602111
-9.381537514357257 -9.809215088600409
-3.8911244861644154 5.390756343570752
14.328834909947114 -2.5083775073662187
2.7975101144104757 13.19461594020946
0.44621963990276203 18.481046306225984
-0.8159686328900908 1.4216057236751785
5.94236366213889 11.581396204355958
8.597997694789234 -5.069061863921378
-4.6802843358041795 -0.5033456229850204
-1.2452175625934023 3.833751661064044
-5.320734236086283 6.464805784228442
13.57575014011736 -7.27445355305025
-27.304797309592292 12.815567345897657
9.490461981675736 6.1584022305906085
-9.54599573522603 1.904407502180908
13.316079478035217 1.0084398654397955
5.355708795691301 3.9751711019498797
-1.8837745557742505 -0.9339867754467539
4.494804020355241 -11.903708131084192
5.689368730257314 4.65921676397682
1.0154528006266297 14.474876692310982
-6.074933987455168 -19.587544300898752
6.646935609459573 -4.079895580187195
-14.776991271402377 -12.798875601281093
1.3502104361608538 -4.893997843372718
11.324991316598709 14.69042088259628
-7.504557882786576 12.011332415045024
27.291148364627063 5.435790181591226
15.062208902479405 -0.43610390532550003
-14.992442745312928 1.7160261427550703
2.0936081448260797 -2.062098131274962
-10.021049983741646 -4.495797312031887
-1.6792558046237591 4.462823745494935
-1.5767617938876715 16.697569403086472
-14.159961839408641 -8.31962588570611
-9.447324222831767 15.169860497932062
-12.226493600216095 -3.8685748816779872
-5.755056198856305 -5.723078330508018
-9.736238278966407 13.97743772482464
3.240672698122581 -1.0561620398534286
6.903985809939565 -2.88392738258435
3.337672956004921 1.523975244029577
-10.922023266603896 10.51535883438234
-3.0481432370395427 -12.041322178048436
0.46431729359439444 4.10070713208658
-1.7983841572336066 -0.7908866126254077
-4.27660218794153 -13.478762246483377
-7.486504373594264 -10.962290457410555
-9.369070714990812 -3.693481082986714
-13.637383591150938 -4.3245711788013
-1.7324329919556285 -9.44464948139495
-5.613590142819854 -3.376820437170366
-4.6937157410577415 4.617927990656274
-4.356278953202203 -18.38927454850449
-7.715504094717923 -3.1683483831580466
0.2900106747401541 9.265137382604701
-4.106127342296404 4.459654982862323
-2.5852608573926688 -0.2710487425218968
-7.007136895492709 5.318770067091006
-11.031883693155525 -6.992487355862057
-13.631663105840264 -5.655404879879452
-8.164800998061121 -14.96091740423535
-2.502899779827162 -11.444457728062522
6.4289994820723955 20.18267284582591
11.854662413993339 -7.5911501650828015
-11.389325243554833 -6.189927785269207
-0.3714788655436969 -12.376417376799733
-10.90877933057381 -19.09819909977666
-3.9240051965391753 -1.5754480522659864
-12.790760345216427 14.542322841678734
1.701398505080814 11.058838414789587
3.664837669301485 2.96993600618986
2.0853827719445865 -11.883958969307145
10.90324352031572 -2.7495006395783896
-0.959271618203573 22.68656805082137
-3.7888033644215393 14.023382908179883
0.6153980368811869 -16.64679663695937
0.6666270248745843 -3.8573967749388465
-1.412926143287733 -14.046612570033982
-16.271247965965596 9.6998779312506
-6.352072512909183 11.999843145924437
2.4609949210976403 5.008732289174979
-10.50845606496447 3.43399871504696
6.228977289933895 3.9966454954482926
19.12030574214708 -7.807651981405766
9.997960248091404 -3.017699444697506
0.28677650745415484 11.969816323473582
9.623483857786198 -3.3029385857808093
-13.984098205803921 3.743918804374995
-8.956228059310122 -0.5140392397734521
-18.79076572975464 13.086614331200202
-16.98610954363138 2.9522185931363722
-0.1088917423240856 -0.50432337408219
3.346685994709488 2.5811838093710344
-6.130238509208285 -2.937096383470514
0.31915926406066575 0.7608724492183812
-12.548706929659602 16.7742620454908
4.604692758749579 9.770098724642699
-1.0375193367127986 9.040502793958531
4.354659656312134 -4.575744380380964
12.671076554358532 0.8896483081731148
-5.9060522989345134 -1.1572239439637317
4.930120841209571 2.899050779624951
13.324801604321909 -4.505715265888548
9.471881910162665 7.783769591704732
-13.942833132485815 14.138220869285488
-5.3843808460618305 -5.9077388301564895
-0.7887873758679422 0.7944526982883833
-8.752964091568828 -0.8574537505842366
1.2543856461307161 -2.952594355056476
4.541507631450119 19.790716249207744
3.133860494055065 -26.0935323523139
-9.18705517964537 -8.478648999171918
7.731302884245047 27.904524669223818
6.273761715027646 6.0542647525662145
-2.4928118161028743 -18.560664136875097
1.4544978371156998 -7.653982724798222
6.686089901159767 -11.47850144281105
2.7532303264534974 12.410553748871592
-1.8401812613665838 3.1979422008666525
31.504309958082878 11.614788589479383
-9.870676998268868 -5.083171850098481
1.1706314584256692 19.421589224862792
-7.180862701872574 0.961767051543275
5.99633893070354 -11.312944409001911
-9.316880065261648 11.571168392954316
0.4315973176251613 12.24249275246144
-16.668601526906542 2.3059757201863365
4.913459015091447 9.903909048796411
-3.4608355797197006 24.789281229427054
-14.001636281880304 2.9154124561377066
-3.8024015356494303 -19.866860627724726
6.828339506196967 17.034655549671093
-6.115210281192442 3.5310534330249626
3.9128838904583807 6.347742857585712
4.0164254016927 13.927007972238478
-6.543754731182995 7.004372322141542
7.795961638574184 7.241050722528524
-17.306441246376558 0.7230755241602935
0.04134921521478763 2.044396460650119
6.366628636129912 2.096049149436149
-1.9191623686370252 -8.61088546846034
-10.039057572790172 -2.311506357358069
-17.37922691955905 -19.397977078888697
9.629376427860198 3.220131591304212
8.76113810555819 -4.179442391687543
2.109788259439124 -8.783281877582894
-0.5636633597592962 15.871916794405177
11.013183809101028 4.635184018549551
-3.0259100300019126 4.3160359348040105
0.04284470123915085 0.44997793534735386
-5.345250865237476 12.248859289680926
10.428264648893489 -4.662940094642549
-2.049493800983775 12.300466521696475
2.3287304304829184 -8.339186352541462
-5.55536964358484 17.89505191967161
-3.698379274010068 9.397788597549011
10.905316051301881 13.242253651949607
-12.382328281879914 -12.061685614201213
2.1265279442172615 -13.081289652049215
1.798995543594848 9.758745534350318
-15.473403805320348 2.064152311159577
16.88421611821615 2.0407737745370245
1.0965257793130783 -5.2610094592491
1.5588469814945778 12.993187435449533
-19.16120644821796 17.200130858125206
13.182380414889074 6.378096864245837
20.902672029455275 4.792144953236891
16.59443240188237 -3.8871567692655726
-2.2537562907742057 -10.417124115967622
1.2255490614039988 11.896284634007017
-1.5488996777154012 -7.253551432984456
1.5723893324278455 -14.976266957249534
8.984547781395289 -8.079174739949053
-1.5824861407820299 7.135510447241109
-11.447034511668726 15.71710979499681
9.560209976370036 -3.7227910432072564
0.44381713410536605 6.227387296746979
2.4779233226408195 4.284562058899683
-2.1304180208160997 -6.46746016875759
-9.282279762105823 -6.024659509221149
7.965469981452944 -4.831402603443017
13.721788583964077 -11.57384798818645
-11.721163860264916 -11.273403063540005
-1.7138291974141517 -10.149228283583403
-7.82892028463072 2.945812304017452
5.461191232854697 -5.540589030940751
-7.078865563802609 -10.009090481952281
4.990070498428291 -4.071567877805881
-0.2925768530464077 0.34422037290925855
-1.263068751420545 1.4646705797262483
2.435754360790325 11.162972363449697
-2.3782374029860724 -2.055770179176138
0.06029638238943669 -0.8218453520540319
19.94773574726202 4.686520961948627
9.628284810049465 -0.1833599617439985
3.613407323235147 -11.644376129531771
15.15070372284026 8.403906495397042
2.659165074333921 -6.318521829959312
0.1969603581010242 13.137844036431648
-0.4533667729347455 -4.469142896553636
-0.26720558236380576 -0.03868775155454429
-0.033045381777990546 7.274072327356054
-5.420984715724214 3.286009906294531
-5.626091449108792 7.015352797645333
-11.28777101892095 -3.6329326967243807
-0.811477231195834 -16.964891712256343
13.434594356603245 -6.154621380269585
20.76885742169442 14.987394402908645
-7.263353147888868 20.50862211701517
6.582800546242112 -3.029188954238422
0.5369382380926533 -7.674263872753539
-5.794530371785867 2.1968412777527995
-5.749319483321589 1.39825261389608
-11.564884451382444 -19.75945056000696
-14.87886314721688 3.7579844937326286
-11.227432510330882 1.4940955269692577
-2.1363294507648662 10.17120070893997
8.337419886555857 -12.50027374321726
5.09868941836865 0.26559080986924855
-1.1722110442664304 -4.391998100242045
-0.7531269399938436 -12.342627333457049
-1.4873294619573523 0.39852339789110713
12.09589739482967 18.63251791981244
-20.6591487102786 11.513558412272998
-12.283219367787071 4.6179952354368075
-14.542766205276461 3.3969250512461415
-3.275685794025266 -5.525585046181741
-3.9339868687705675 -0.19117137072940693
4.917898905138969 1.7837879464966555
2.720286440859531 -5.868935556445899
-20.730938865324234 -2.0570857515598
-8.129068420218086 10.855521871442209
-9.153245335211484 10.302180599862652
6.801302983160337 -9.867852477871537
-4.098051324241124 4.7044189263913125
-1.8020253488474989 -8.280864481745114
-6.147152838643177 20.52253190904692
1.1060235648501866 -0.617392038179323
3.995737464491497 -3.236103515350086
-1.3756098051919183 6.568396572622789
-2.25764658625914 -14.270633633770306
9.131626357733241 -4.957355356572717
11.833678387240798 0.32039637710668156
16.65033708908336 -2.41747719292022
1.0790188217576304 -4.307221153221393
-4.07583144885556 -10.072114667527737
22.87214233578046 0.1211672881917627
-5.224602924486778 8.75506565188177
-0.09215005904676632 -2.2216694414442486
-5.041995758723138 -0.19304360255547426
22.93500265505252 18.26941965487082
2.5246996767789707 -14.494930458840804
4.190268748577879 10.066241393422876
-8.38344357724601 -2.271167818144048
2.34024836079375 -13.580958035390147
1.4271396245552967 -5.641563745003145
-7.021606316346245 9.687784080316721
1.9952512315524835 4.960334019834514
9.877644020718938 -2.043307573597298
-2.617992366226365 2.0902981842727426
-2.0943882216078586 -0.38506794043982584
10.708873162036044 1.7055988178403307
-6.973831128025253 -13.480416244772918
-10.073684103414639 0.8450021787999189
-3.4617207240375394 -6.2485726433572495
0.16501269529477547 2.9193754429608756
10.84647980999176 2.7611723426353607
-5.117950823787599 0.40026659007443155
-7.12410890626299 6.401862088015944
-9.935946439281047 16.724724042438126
11.30310097368677 -8.845134610895723
-5.838189654709057 -12.74648805560428
-1.979508579808316 4.828752787046943
12.426653370494755 -8.309860343403754
-3.2941320865713397 -1.772216024596439
-6.66765285357869 -20.86221027898261
-2.7833974722301793 -19.38380566843403
-4.236109293664288 -6.129648622679308
6.244748269701539 -2.9470877433472698
11.891526523641222 6.7622937622256325
-5.133350895354807 1.8601278032919188
4.948831014795671 -4.966258612284243
16.920671448551797 7.033590522985012
-0.84810043404579 -4.204713371117248
12.754558827873748 5.00380612836113
19.739391709961094 5.069627822481182
7.0005872937193185 10.29319344797777
-5.408171669227686 -1.1477808589938623
2.680896975183588 1.7486204499905593
5.379974339596133 -4.6637591348654155
-19.599264889015657 3.913056497936095
14.271040715310132 -12.249432867099216
-0.6494854684427276 5.230566061370986
-0.5309162577473041 -0.9531823057710254
-22.07483614164407 12.189428623229368
3.9768715101228276 -14.587257869637915
-0.5638138422207553 -5.085086834988072
14.239317493184483 11.785777672078773
-10.835200336766293 -10.390159376300483
-2.8508582194893455 -12.897184577412222
2.8047991222194204 3.4074056809228335
8.790283552515405 -6.378614643672333
2.584875707105388 -2.400905689924043
17.947048163636495 2.5321640684780817
-1.8418431434950173 -8.411939735895604
-11.805080368754775 2.3344887803956706
11.562004188064982 6.485579836822469
19.018722156453936 -0.7761213359859589
4.726713248142511 13.979858678887137
-4.528194530412691 -9.192475024013689
-13.456368022443133 13.173143501387653
-5.962635735475294 4.84541394129476
10.811870220639186 -16.698084492469597
15.979822601057176 -16.08963319163241
-3.7036599275269206 1.7984515166379584
-5.659939985145265 -8.168145420860512
-8.897357950917062 12.124176737987082
0.44757960200862 0.1265412703013462
-13.050632722599216 -0.31160221922174625
0.8919380470167502 6.831833761898807
-15.924155490746276 5.971211765034265
-3.7555623667697597 -11.576224898213972
-11.269799557566266 0.24569284453774598
-3.9091600399947364 -13.823366267156988
-16.8715265617108 6.0315625747973405
-18.81673464718667 3.4041377192815165
-14.689979286870948 2.3140307585915947
14.815451819650137 -3.550386785719083
-8.149087985864139 2.559980538458346
-13.1280416167656 -13.570561269192897
-2.054652458594922 12.314464719926946
-8.321532741035794 16.405169412992336
4.411579477791751 -7.60927043903809
3.9546866649249948 8.441025317252251
-17.346693735775474 5.0768255708503665
-12.45198124609056 4.329835718286497
3.806718643298172 4.970027944170178
16.68520831927095 -4.372986156595111
19.515278803892556 -3.949175738180337
-5.374844151735317 2.799026180625644
-10.733112305039082 9.828752132955554
5.073025015912176 -0.8206406104893291
1.5262696931330337 -13.435010460937525
-6.280723818161269 10.178157556656505
9.592184460311152 0.8451524720584893
7.979859711932879 -12.286220988680666
-10.573195747546436 5.915669094224846
17.333866307888183 1.1191062761251511
-8.864785596681008 -7.988717534387603
-2.2853192807813842 0.15062010965915373
9.326681237265102 -9.438736918876291
-10.182466576660119 12.127076145914826
-15.778261255401098 0.2999396714963961
4.8997862285882 -14.381186113188628
1.4783179417875985 -9.015071064219796
-12.533743435310306 5.499342225478774
3.4327160265128702 -8.536789519126184
4.340595317989535 1.2875539412542851
-1.3784292810961936 2.0281222307859057
7.525790960145648 2.1378860418338976
-5.001105493725117 -2.1049756611869874
9.868176941323522 2.930915295944335
-2.415506217296861 4.746091958425951
2.7117980329654756 0.0
-2.4155062172968575 -4.746091958425952
9.868176941323522 -2.930915295944335
-5.001105493725113 2.104975661186987
7.525790960145648 -2.1378860418338967
-1.3784292810961936 -2.0281222307859075
4.340595317989539 -1.2875539412542851
3.4327160265128693 8.536789519126184
-12.533743435310308 -5.499342225478773
1.4783179417875947 9.015071064219798
4.899786228588206 14.381186113188626
-15.778261255401095 -0.29993967149639256
-10.182466576660117 -12.127076145914824
9.326681237265108 9.438736918876296
-2.2853192807813842 -0.15062010965915418
-8.864785596681008 7.988717534387606
17.33386630788818 -1.1191062761251525
-10.57319574754644 -5.915669094224847
7.979859711932877 12.286220988680668
9.592184460311156 -0.8451524720584911
-6.280723818161268 -10.178157556656501
1.5262696931330364 13.435010460937523
5.073025015912177 0.820640610489328
-10.73311230503908 -9.828752132955554
-5.37484415173532 -2.7990261806256425
19.51527880389256 3.949175738180336
16.685208319270952 4.372986156595111
3.80671864329817 -4.9700279441701785
-12.45198124609056 -4.3298357182865
-17.346693735775467 -5.076825570850368
3.9546866649249903 -8.441025317252251
4.411579477791749 7.609270439038089
-8.321532741035796 -16.405169412992336
-2.0546524585949233 -12.314464719926947
-13.1280416167656 13.570561269192902
-8.149087985864137 -2.559980538458351
14.815451819650136 3.5503867857190805
-14.689979286870951 -2.314030758591599
-18.816734647186664 -3.4041377192815157
-16.871526561710795 -6.031562574797341
-3.909160039994739 13.823366267156988
-11.269799557566266 -0.2456928445377473
-3.75556236676976 11.57622489821397
-15.924155490746275 -5.97121176503426
0.8919380470167502 -6.831833761898807
-13.050632722599214 0.3116022192217498
0.44757960200862 -0.1265412703013502
-8.897357950917064 -12.124176737987082
-5.659939985145267 8.168145420860514
-3.703659927526921 -1.798451516637959
15.979822601057176 16.089633191632412
10.81187022063919 16.698084492469594
-5.962635735475292 -4.845413941294758
-13.456368022443131 -13.173143501387656
-4.528194530412691 9.192475024013687
4.726713248142509 -13.979858678887137
19.01872215645393 0.7761213359859571
11.562004188064986 -6.485579836822463
-11.805080368754778 -2.33448878039567
-1.8418431434950149 8.4119397358956
17.947048163636488 -2.53216406847808
2.584875707105388 2.400905689924042
8.790283552515403 6.378614643672335
2.8047991222194177 -3.4074056809228326
-2.8508582194893473 12.897184577412226
-10.835200336766292 10.39015937630048
14.239317493184481 -11.785777672078774
-0.5638138422207564 5.0850868349880685
3.976871510122826 14.587257869637915
-22.07483614164407 -12.189428623229368
-0.5309162577473046 0.9531823057710245
-0.6494854684427271 -5.230566061370989
14.271040715310132 12.249432867099218
-19.599264889015654 -3.913056497936095
5.379974339596134 4.663759134865416
2.6808969751835825 -1.7486204499905602
-5.408171669227687 1.1477808589938605
7.000587293719318 -10.293193447977771
19.73939170996109 -5.069627822481186
12.754558827873746 -5.003806128361128
-0.8481004340457892 4.204713371117247
16.920671448551794 -7.033590522985014
4.948831014795674 4.966258612284243
-5.133350895354808 -1.8601278032919213
11.891526523641222 -6.762293762225632
6.244748269701547 2.9470877433472698
-4.236109293664287 6.129648622679305
-2.783397472230181 19.38380566843402
-6.667652853578689 20.86221027898261
-3.2941320865713433 1.772216024596439
12.426653370494755 8.309860343403752
-1.9795085798083178 -4.8287527870469376
-5.838189654709057 12.746488055604281
11.30310097368677 8.845134610895723
-9.93594643928105 -16.724724042438126
-7.124108906262989 -6.4018620880159425
-5.1179508237876 -0.4002665900744333
10.84647980999176 -2.7611723426353594
0.16501269529477902 -2.919375442960874
-3.4617207240375385 6.248572643357249
-10.073684103414632 -0.8450021787999198
-6.97383112802525 13.480416244772918
10.708873162036042 -1.7055988178403299
-2.0943882216078604 0.3850679404398276
-2.6179923662263676 -2.090298184272742
9.87764402071894 2.0433075735973008
1.9952512315524804 -4.960334019834514
-7.021606316346244 -9.687784080316721
1.4271396245552967 5.641563745003147
2.340248360793751 13.580958035390145
-8.38344357724601 2.2711678181440433
4.190268748577882 -10.066241393422874
2.524699676778968 14.4949304588408
22.93500265505252 -18.26941965487082
-5.041995758723137 0.1930436025554756
-0.09215005904676521 2.2216694414442495
-5.2246029244867795 -8.75506565188177
22.872142335780463 -0.12116728819176004
-4.075831448855562 10.072114667527737
1.0790188217576286 4.307221153221391
16.650337089083358 2.417477192920219
11.833678387240798 -0.3203963771066842
9.131626357733243 4.957355356572715
-2.2576465862591384 14.270633633770311
-1.3756098051919192 -6.568396572622789
3.9957374644914987 3.2361035153500834
1.1060235648501844 0.6173920381793248
-6.147152838643176 -20.522531909046922
-1.8020253488474989 8.280864481745114
-4.098051324241122 -4.704418926391308
6.801302983160336 9.867852477871539
-9.153245335211484 -10.30218059986265
-8.129068420218086 -10.855521871442207
-20.730938865324234 2.0570857515598
2.7202864408595273 5.868935556445896
4.917898905138968 -1.7837879464966582
-3.933986868770572 0.19117137072940338
-3.275685794025267 5.525585046181741
-14.54276620527646 -3.3969250512461433
-12.283219367787073 -4.617995235436801
-20.659148710278597 -11.513558412273001
12.09589739482967 -18.63251791981244
-1.4873294619573518 -0.39852339789110847
-0.753126939993841 12.342627333457045
-1.1722110442664349 4.391998100242044
5.098689418368645 -0.2655908098692503
8.337419886555855 12.50027374321726
-2.136329450764868 -10.17120070893997
-11.227432510330882 -1.49409552696926
-14.87886314721688 -3.7579844937326263
-11.56488445138244 19.75945056000696
-5.749319483321587 -1.3982526138960827
-5.794530371785865 -2.196841277752796
0.5369382380926568 7.674263872753542
6.582800546242113 3.029188954238423
-7.263353147888868 -20.50862211701517
20.76885742169442 -14.987394402908642
13.434594356603245 6.154621380269582
-0.8114772311958354 16.964891712256343
-11.287771018920948 3.63293269672438
-5.626091449108791 -7.015352797645336
-5.420984715724213 -3.28600990629453
-0.033045381777991434 -7.27407232735605
-0.2672055823638031 0.03868775155453985
-0.45336677293474814 4.469142896553639
0.19696035810102241 -13.137844036431646
2.659165074333922 6.318521829959311
15.150703722840259 -8.403906495397038
3.6134073232351485 11.64437612953177
9.628284810049465 0.18335996174399938
19.947735747262012 -4.686520961948625
0.06029638238944113 0.8218453520540399
-2.3782374029860724 2.055770179176138
2.4357543607903196 -11.162972363449697
-1.263068751420544 -1.4646705797262527
-0.29257685304640413 -0.34422037290925767
4.99007049842829 4.071567877805881
-7.078865563802607 10.009090481952281
5.461191232854692 5.540589030940753
-7.828920284630721 -2.9458123040174526
-1.7138291974141509 10.149228283583406
-11.72116386026492 11.27340306354
13.721788583964074 11.573847988186449
7.9654699814529515 4.831402603443016
-9.282279762105821 6.024659509221152
-2.1304180208160997 6.467460168757588
2.4779233226408177 -4.2845620588996844
0.4438171341053607 -6.227387296746974
9.560209976370032 3.7227910432072564
-11.447034511668729 -15.717109794996812
-1.5824861407820288 -7.13551044724111
8.984547781395293 8.079174739949051
1.5723893324278466 14.976266957249534
-1.548899677715399 7.253551432984457
1.225549061404 -11.896284634007014
-2.253756290774203 10.417124115967624
16.594432401882365 3.8871567692655726
20.902672029455278 -4.792144953236887
13.182380414889074 -6.378096864245837
-19.16120644821796 -17.200130858125203
1.5588469814945736 -12.993187435449531
1.0965257793130787 5.261009459249102
16.884216118216152 -2.0407737745370262
-15.473403805320348 -2.0641523111595745
1.7989955435948461 -9.758745534350318
2.1265279442172664 13.081289652049216
-12.38232828187991 12.061685614201206
10.905316051301888 -13.24225365194961
-3.698379274010068 -9.39778859754901
-5.555369643584834 -17.89505191967161
2.3287304304829224 8.339186352541466
-2.049493800983769 -12.300466521696478
10.428264648893492 4.6629400946425505
-5.345250865237475 -12.248859289680926
0.04284470123915085 -0.44997793534735253
-3.0259100300019117 -4.316035934804011
11.013183809101028 -4.635184018549552
-0.5636633597592926 -15.871916794405177
2.109788259439126 8.783281877582898
8.761138105558183 4.179442391687543
9.629376427860198 -3.220131591304213
-17.379226919559045 19.397977078888694
-10.03905757279017 2.31150635735807
-1.9191623686370272 8.610885468460342
6.3666286361299145 -2.09604914943615
0.041349215214788515 -2.0443964606501197
-17.306441246376554 -0.7230755241602895
7.795961638574179 -7.241050722528524
-6.543754731182993 -7.004372322141542
4.0164254016927 -13.92700797223848
3.9128838904583816 -6.34774285758571
-6.115210281192445 -3.5310534330249608
6.828339506196966 -17.034655549671093
-3.8024015356494303 19.866860627724726
-14.001636281880309 -2.915412456137706
-3.4608355797197046 -24.789281229427047
4.913459015091453 -9.903909048796407
-16.668601526906546 -2.305975720186341
0.4315973176251582 -12.24249275246144
-9.31688006526165 -11.571168392954318
5.996338930703541 11.312944409001911
-7.1808627018725755 -0.9617670515432777
1.1706314584256727 -19.421589224862792
-9.870676998268868 5.08317185009848
31.504309958082874 -11.614788589479383
-1.8401812613665824 -3.1979422008666463
2.7532303264534947 -12.410553748871592
6.686089901159766 11.478501442811044
1.454497837115698 7.653982724798226
-2.492811816102873 18.560664136875094
6.273761715027649 -6.054264752566215
7.731302884245049 -27.904524669223818
-9.18705517964537 8.478648999171917
3.133860494055064 26.093532352313897
4.541507631450118 -19.790716249207748
1.2543856461307161 2.9525943550564744
-8.752964091568828 0.8574537505842366
-0.7887873758679453 -0.7944526982883819
-5.384380846061833 5.907738830156494
-13.94283313248582 -14.138220869285485
9.471881910162665 -7.783769591704733
13.324801604321909 4.50571526588855
4.9301208412095745 -2.8990507796249503
-5.9060522989345134 1.1572239439637353
12.671076554358532 -0.889648308173113
4.354659656312137 4.575744380380959
-1.037519336712799 -9.040502793958531
4.604692758749576 -9.7700987246427
-12.5487069296596 -16.774262045490808
0.31915926406066397 -0.7608724492183787
-6.130238509208289 2.9370963834705117
3.3466859947094885 -2.581183809371037
-0.1088917423240865 0.5043233740821909
-16.98610954363138 -2.952218593136375
-18.79076572975464 -13.086614331200202
-8.95622805931012 0.5140392397734521
-13.984098205803921 -3.7439188043749976
9.623483857786198 3.302938585780811
0.28677650745415484 -11.96981632347358
9.997960248091404 3.017699444697503
19.12030574214708 7.807651981405764
6.228977289933892 -3.9966454954482913
-10.508456064964474 -3.4339987150469575
2.460994921097644 -5.008732289174985
-6.3520725129091815 -11.999843145924437
-16.2712479659656 -9.699877931250603
-1.412926143287735 14.046612570033979
0.6666270248745825 3.857396774938846
0.6153980368811878 16.646796636959365
-3.7888033644215384 -14.023382908179887
-0.9592716182035721 -22.686568050821364
10.903243520315714 2.7495006395783896
2.0853827719445865 11.883958969307141
3.664837669301479 -2.9699360061898594
1.701398505080817 -11.058838414789586
-12.79076034521643 -14.542322841678736
-3.924005196539177 1.575448052265987
-10.908779330573811 19.098199099776657
-0.37147886554370046 12.37641737679973
-11.389325243554831 6.189927785269205
11.854662413993339 7.591150165082798
6.4289994820723955 -20.18267284582591
-2.502899779827157 11.444457728062522
-8.164800998061123 14.960917404235346
-13.631663105840268 5.655404879879452
-11.031883693155525 6.992487355862064
-7.007136895492714 -5.318770067091004
-2.585260857392672 0.2710487425218915
-4.106127342296405 -4.459654982862325
0.29001067474014786 -9.265137382604706
-7.715504094717927 3.168348383158044
-4.356278953202206 18.389274548504492
-4.693715741057741 -4.617927990656272
-5.6135901428198505 3.376820437170366
-1.732432991955629 9.44464948139495
-13.637383591150936 4.324571178801293
-9.36907071499081 3.6934810829867124
-7.486504373594263 10.962290457410559
-4.2766021879415295 13.478762246483376
-1.7983841572336117 0.7908866126254113
0.46431729359439444 -4.100707132086581
-3.0481432370395445 12.04132217804843
-10.922023266603897 -10.51535883438234
3.337672956004921 -1.5239752440295744
6.903985809939563 2.8839273825843543
3.240672698122581 1.0561620398534322
-9.736238278966407 -13.97743772482464
-5.755056198856312 5.723078330508015
-12.226493600216092 3.8685748816779837
-9.44732422283177 -15.169860497932063
-14.159961839408645 8.31962588570611
-1.576761793887676 -16.697569403086465
-1.679255804623761 -4.4628237454949335
-10.021049983741648 4.495797312031884
2.093608144826079 2.062098131274964
-14.992442745312932 -1.716026142755068
15.062208902479405 0.43610390532549737
27.291148364627055 -5.43579018159123
-7.504557882786578 -12.011332415045024
11.324991316598709 -14.690420882596284
1.3502104361608545 4.893997843372715
-14.776991271402377 12.79887560128109
6.646935609459572 4.079895580187195
-6.074933987455173 19.587544300898756
1.0154528006266315 -14.474876692310982
5.689368730257312 -4.65921676397682
4.4948040203552395 11.903708131084189
-1.8837745557742505 0.9339867754467539
5.3557087956913 -3.975171101949884
13.316079478035215 -1.0084398654397901
-9.545995735226036 -1.9044075021809137
9.490461981675733 -6.158402230590603
-27.304797309592296 -12.815567345897657
13.575750140117359 7.27445355305025
-5.320734236086279 -6.4648057842284405
-1.2452175625934023 -3.833751661064045
-4.680284335804177 0.5033456229850191
8.597997694789237 5.069061863921378
5.942363662138886 -11.58139620435596
-0.8159686328900881 -1.4216057236751745
0.4462196399027589 -18.48104630622598
2.7975101144104757 -13.194615940209456
14.328834909947114 2.508377507366225
-3.891124486164416 -5.3907563435707555
-9.381537514357257 9.809215088600412
-5.408569984855697 8.64182131060211
4.5935305130401 1.6957802805720457
-6.61669947665758 -4.3246088974840236
6.526376132333631 2.995104475861448
-5.060497619525561 -0.42607807246512674
-21.549871426056235 -11.845061584986482
22.07889892449662 6.196061758980317
3.743883947971516 12.12153273757865
-6.418849429529683 2.900918329435961
5.176057360992353 0.6675545950178297
-3.1910174941393104 -16.88702391443356
-15.412218030966352 -0.7663583781691035
-1.4576832306020187 -2.0089590793483834
13.54741665898796 -5.4088758012581195
-9.686262705840072 1.9344760896458402
-1.0338348676602553 0.796515666410647
-7.999300966090007 14.462524572844718
10.705614558200226 12.028400311180398
11.676114053938644 8.235889279302373
-4.708738693738458 4.986338985743213
1.492782480917605 6.890886696148183
-9.945177711220822 -9.246613881541183
-18.60567979516836 -9.052640705585178
14.537295288257182 -22.570194677847727
11.019615585934481 12.809455851713242
6.221407491027365 -4.868164363627644
9.737485989358765 -3.8033860278081697
3.477248878554872 -10.769342235099534
16.30485350700043 -10.20618760930373
-10.387021760828986 -5.412006479553345
6.8582046614280205 -12.932716401075663
-3.6802247193458317 -5.458278506347929
-11.67627116600144 7.844930253175424
-5.522625828073858 1.3152502603909433
8.201212045800748 -1.4162030373727656
-3.1695918228446476 -12.745988065840884
-0.7148435949168599 11.26131683021229
8.066999882806359 8.203397191860262
-6.585890403804448 -5.273447368830629
0.168214210356048 8.829053228298415
1.1290493747138814 -11.221386010803352
-11.951294954382021 12.482725821423678
-5.340705638155081 -4.289500224351286
-3.577620807751482 -5.500879414549445
-3.430655210364626 8.180131529544878
-12.927114172287038 4.359155159275119
5.082198105290178 -5.559072035632727
20.958640139828507 -12.005319690475861
3.758170712779166 -3.160158074888405
8.810219722571961 -17.436589214687384
4.574043675522159 4.3827471450983
-8.2796836705553 0.5872153342186648
-8.716010078607548 -2.683546017722893
13.988846702630276 -2.2159697510405483
7.972177120710084 5.598925466766248
6.064440564970252 14.683715761103858
3.1438275097935624 6.933880496517091
-4.387472303516242 7.093026683210646
-14.908570252455595 4.703105475101273
8.92573363210402 -4.2136062774366625
8.398222537972487 -8.809906198291554
7.566044556458202 6.334228220217619
7.915896747597492 -1.155004877787844
-1.7146686214945834 10.10420634246581
4.91653868230487 12.307275270193998
-12.554046676329387 4.499891956073933
1.1649746912843169 16.12956308046973
6.953102851396298 -10.807094489788522
10.788014599616305 1.113968889826301
-11.235553499516822 8.443822681333545
-17.53027592502512 -12.025909487684968
1.2498605520658634 -0.4142481193587628
-9.154700894962481 0.9384529506417447
10.24705843732951 9.196803524490187
-0.6192010599723403 6.446670806567426
-9.320924680118061 -7.014841435319197
2.202363921286694 13.49035914813477
-3.8133555580454246 -4.086916290763296
-13.854142637827332 12.947884027672153
-19.982313268500143 -1.2183831272763426
0.16281570895272468 5.401427180556775
-4.549273237149604 8.692803961306467
19.33526531147331 10.81915120811325
7.104437307266306 12.819164367274762
-3.5189980951309234 -4.021144267165763
-1.6421902470757974 -14.21729720892261
-15.127759757309127 -3.491393247349097
1.3218319273503027 -6.064133753866113
6.778303512034195 8.115175687805964
-4.966929322400717 -5.0318338147242745
-4.0410611767096505 10.844333971048384
5.255360302907111 -1.6974422392936015
10.097811521394338 4.781995141932401
-4.2444885988499 -3.3786597671505443
7.333802597210446 4.7700469395355
13.27667841643623 4.962862850851652
-1.1679749744089172 3.5797656169631917
0.3708825282766317 -7.0410984595564745
-7.273244479828992 -11.211507498498975
3.4219690026581113 2.3984346975734514
-8.499679206777166 -3.285369011418214
-13.738334148351038 1.1539317025332398
-17.603780269734656 5.691814242364671
-3.9023091550433393 0.8427879353384635
-20.600292345939227 3.5797131364332095
-2.184809327593268 -0.6931808733167708
-1.5922149366034883 10.421276039300562
-3.242445246145107 6.639557482366852
-6.613512491844694 19.108027259030017
19.764943429480255 -9.095135255255483
1.0162791940097935 -22.915609928072328
-1.4495243390198889 15.760304525242809
-12.886587774618981 -4.899608687035764
-15.367867760220106 -0.9145242463068133
12.683839274581231 9.526760644163279
11.277732187174564 -7.717289164842899
-6.320719437194499 2.351873944797399
-15.916092716576772 -8.307808689290544
3.0101338770235335 -6.889822353955042
14.828028134256986 -4.842431501270622
7.60134743045322 -3.9268810172879887
0.6197325012224626 14.794518488607434
-14.16685591480494 -11.998989926213964
-17.95586111207082 -2.612041233023371
-10.371137306590057 -1.1033761315631807
-21.66297891247295 -5.832882962849055
2.6590848906997575 3.419258194791487
-2.4429050321780204 4.482795236279841
-6.827722526360372 10.423675946312978
-8.356519947550996 -11.650930479648954
-14.368867674957357 -0.313550896145963
3.259381068150537 6.400686629293425
12.33993113861167 17.555701820613805
6.261763851772909 -19.42887226891191
1.9613260763276112 2.502519048642455
-14.105335668227445 8.497742369015342
9.128771114072416 -0.3757915890986574
14.997368460813624 -0.4353437179584193
2.8101120705773526 0.744521733182518
5.981364444277764 -3.1112849357361845
3.320234062515725 25.986945885286367
-16.635985535560266 2.357197256807571
-9.006197529657127 -14.313594321836291
14.02859631107468 -13.173661378834556
-3.5801825294082747 -6.813854727312409
6.140829407478879 -0.2112257763898906
4.016861082491342 -8.368245231762577
-6.973453782963645 -4.9571586659809554
-6.128290545701919 10.520203653676939
-6.095052598772527 2.1903412443564885
2.8222136973334377 -7.415892818775957
-13.58598580375839 1.8643760183082225
6.477384174679273 -5.72268825801675
5.966362293835692 -3.3325444528443704
13.625226131869539 3.731255083725941
-14.488062931966368 -6.077645621431792
2.60658096029581 4.885947564512717
1.0160605918930274 -2.1780103723099726
12.010804949635197 4.635593784924422
4.288088619152802 5.9056652042583835
1.1868615158932823 7.1782384506135255
13.125718753777605 10.80367103187389
-6.672464929804725 -3.6920574267857393
-8.708970533984953 2.229755538364299
-2.6113756811293465 -4.985581266284131
-8.708974325745743 -2.1395549059884686
0.8398634124088047 12.329829811547617
-2.882372122157977 -21.953099373433762
2.9127055269220317 -7.1796344698568335
-11.868674254253833 0.8630923829729
-3.355175014424006 -0.030241657947690292
3.8843508787993164 15.862422470998892
-3.016139104102745 3.130651691605551
-4.884111231636641 -22.922699974714547
1.8468643089198125 -6.392757945377584
-14.982576910663818 -0.936696229222016
-7.820000559883111 -7.652364907870357
2.397752592555845 5.761473763502275
-2.4862693483490257 1.9592500722003097
-23.278109818808815 -0.7142905285481045
-6.741619732341501 3.531544965585439
-6.068198879295382 -7.208856670962287
8.954233592738099 -2.1145123489415334
13.536400990156041 10.210186867895668
0.00897723385536009 0.09123527072719817
8.163873996167172 -1.7632945143535
6.22747943807554 -4.342433774907764
0.1721418469988507 10.613093838676086
9.318594465305363 4.254559553323646
-2.176255379641689 9.227838979196601
15.980722108658114 -16.347477705899724
1.9383664944234047 -5.074017340175545
10.199949272131317 -5.376690454655296
-12.795709917369784 3.737609426249985
-17.98943095328556 -11.72751874630773
-1.344768149649199 9.954486465451314
0.05822964313294943 1.2167938117938757
-0.6489440655712642 -16.72314896582994
-18.608405448402074 14.850096028342366
-7.5980139321831786 -0.2678752108173432
-3.7223012266249436 -14.4670563437729
8.933064879109274 -3.853192994448403
-7.457157498610698 5.906211159301257
5.529559007213714 -2.9865350866846634
15.246947754288552 14.102219069225349
-12.558493872717403 -0.5998842916848144
-1.5293727723479735 3.2213515155856847
1.7263894941294504 -8.331328521214406
-9.338982668756131 11.063304747251587
7.766209656189318 -6.74894287984875
-13.288652913099108 -0.774327774900861
13.8448450031303 6.213155080059788
-6.811064794094609 1.952141235998213
3.3706836806659757 -1.2922741371945943
2.403125707909626 -0.82583561135396
-0.7331685229797245 -5.461447894005129
13.909590716990774 -2.776343361723028
-15.341733944301135 7.750509349755445
0.7446970942493529 -2.8971518612922758
-11.963072669756604 -13.017595073310153
17.192164391334494 -15.27233146529406
9.597058844887341 5.80981367223675
1.5335180979399414 7.70432857952717
-2.348918272881315 1.7697576374252755
-6.643632424938067 12.991630933767084
8.24257786298416 14.320112898451837
-3.9965657620896335 0.6369408212228842
12.008439153227151 -4.8401635417231335
-7.505739660876213 11.443059553767721
-8.35565149741533 9.109703772948754
6.30764870632396 5.30469490335276
-14.893539343757654 -0.04196434299377483
10.354334252350128 17.43929230282137
-4.3266357531732105 8.43514527309491
-5.082085947996232 3.473693320831135
2.9057770586594547 -6.87909982430958
1.0138512155530934 -18.751084728473693
1.6774261325545998 -7.74471575545104
0.35083184667326983 7.937479357539816
4.209449110493208 -1.420093193167581
-2.6575658571583802 -10.82193842674571
-3.2678067297595854 6.8940811122211025
-0.40401663249261066 -6.931674555478546
-2.90599877263711 -15.693259958487065
-9.08581414836051 12.778169111576688
4.521620215882176 6.848462145051816
13.792045658570158 3.196324862549944
9.12209183097115 8.452074354818853
1.344781557863219 2.8000817308432073
4.540297381348436 -9.573332904707746
-1.0841381775527128 5.412658831653604
8.046381307460727 -0.9006265601363008
11.344297881388812 13.519547491553483
5.49444197082232 5.0907805681705085
-11.473906751385972 3.3700530621650815
-9.75568181621217 2.128856386694962
-5.184410898243387 -7.80757433228384
-9.583418724056788 9.863003137672134
-13.996741133013039 -9.970873452979516
-7.27539011256728 6.172071806278351
-8.059347947364419 0.4563325722191731
-11.461438790673757 -21.252151505883404
-5.1265097904167805 1.2941833470300628
14.79715315063807 3.201379683845265
4.419558931009144 7.588909701217837
8.704003996896986 -12.341143994904613
-3.4473474610118906 11.3020809879966
-2.5606201096160226 3.5587875168194314
14.138895069404017 -1.0286623411875833
-16.451818153591258 13.187706324509321
4.558359414559073 3.3427660185880876
-6.996652414606325 3.1189310940532273
6.849148089857614 8.996116407888822
7.0688212552978325 -2.306729618736979
-5.826680488656189 1.7471527186179179
10.986427430831789 5.246323971373993
-2.3482946819990183 -7.616815849830933
-13.741108700631926 10.433502700067832
-7.218320748687531 0.8745717588534223
3.178419413113714 6.252462233013407
9.50776578246234 2.0748160306798202
-8.800055191486805 -13.309474025846809
-9.500114468010105 7.0042023385614085
-0.3557527861036398 13.575315171257177
-4.971378851548103 -7.7263204203664495
-11.510185226183923 14.809378985077075
-13.001696265711487 6.935545280711953
7.359192633486941 6.2200145770169435
13.543954307446716 -3.921135819968992
19.758919473238002 -1.566813595426603
2.7316650625315244 12.156511244832652
5.079189868568387 7.735221113748871
1.6961975863498804 -2.6936768361679406
-4.756978258167155 3.6298113269111143
-0.14675312306967658 2.1750798942169594
0.8716982660527108 14.563876313142247
-0.4651227553517665 -7.367590655850037
4.4246197064396835 -0.3769855701583191
0.760199209905992 7.526719957500784
4.429647324695151 4.3447359026598855
1.076595982130542 -9.263250270489584
12.771889026517107 4.537231451882142
-3.3629688457429143 -11.333354316669656
3.8361956902095784 -3.0485972582037126
4.393532770424752 0.4678587134050858
12.293444810708158 -2.3934370907468328
14.137476171876312 3.290980911512286
-12.65557217188719 -19.957743320111124
-12.848679515883646 -1.361929152753918
-10.849308442397094 -7.245058678490901
5.671691220336957 -5.754025643324283
1.9799750007008066 11.20870966602614
3.0622657044869417 1.656160063085454
-8.048329541387838 -2.8289941451322935
-0.29534117875911114 1.1093147804323906
-19.1111192242493 -11.711925340170222
22.252118353570353 11.316351648707577
-17.341832409332504 7.2703656901550815
-2.4076922319835647 -13.077134372596216
-0.6892592187661419 1.2582421543938986
16.91566338555697 -11.762833349071142
-0.7758004117332771 2.0073471915629124
-3.0020409870668203 2.861461626972378
-1.144641060786423 -4.079546447839982
-3.564764550082116 2.300133629234031
-10.045053261772411 -5.343624275024481
-2.366466086800829 12.065737161261417
-18.857170089208914 14.523200367611144
-13.268318460301822 -13.42202875631271
-12.13519849150612 4.211170548728213
5.838811872595278 6.254351417397215
-11.896327781547264 2.291439308418208
8.939923989328658 -5.503234220632445
4.4611880945207725 10.580517848305934
3.757614609578953 5.53073619177952
-7.010395484151919 -4.835128485803693
18.386403670171305 9.808529112828104
0.6897748179824426 -5.222234396694638
7.589027525752323 0.21234986745213114
8.473582641161148 1.4271929112779607
-2.1088016756655983 -13.641167077958364
-12.12403793283601 5.505140482300235
0.6186243039108996 12.23615807757451
-0.3860193726992778 -0.42221519349053827
7.745341801749452 10.678759747338278
6.322669304035488 -13.08892468365191
-7.399858536920105 13.467024876837428
-0.2481044162921746 2.8896787870275586
-7.049612031925857 5.484679738393304
3.9455520082558078 -13.877871482407915
12.347639788168758 -11.70605266630295
-0.1680516039400919 -8.8214976689111
0.9095670950010344 -17.4325039264843
-0.34579744451428596 5.259611172415425
8.154924262170503 13.811402048235475
11.70153583414702 -1.9687173529360362
-6.307906008251678 13.374048272205147
1.2994952778423 5.46737190540617
-16.021132857866792 10.080872054616218
-7.448343291593769 -6.269361165575749
-13.935237854871993 8.317541966397956
-4.426099879704877 -3.7513564087732725
1.4629957688539665 -5.288445244285153
-15.968584995755885 1.3952309846238724
1.8827709476061871 -8.23919031968258
-4.513080988576892 10.93914819201903
3.1997318635903573 -4.506049680958652
10.863830195137758 -1.7805207752047512
13.022479829138327 -0.568342667343277
9.939607245571707 9.101658979797689
4.810233817553085 3.8880862903437823
13.238836555874764 0.7939414416795616
10.41510092354291 -5.869130786074214
-3.990947028247733 -6.687464902065162
9.374312811424232 -12.941721144450144
-0.014533480399013143 -6.8918117492668785
-20.25503747881592 0.6185770470971779
3.7082013239091145 17.744943959746873
6.046321782568426 2.53807629744477
17.41761674093189 6.073105678247441
-23.388203308347954 -12.39068810326593
12.296738333809149 6.553294464320585
2.724179010004282 -3.8855468518954503
-21.345378140299143 -18.235324964410598
16.70133794871181 4.534118624799519
1.2180364060709152 -1.2937025686277313
-6.574725982041157 -17.837694722647562
10.525859409941688 -4.702902041281373
0.30932475803576676 6.322635913360549
3.9212021838062285 -8.48000653352809
19.54372689830457 2.9580304023229274
17.07129512149823 6.6939736877221225
13.066446747834135 -1.3390858761839812
3.187300398417901 -1.0468268759557633
-12.096414955521173 -2.3757013915989016
21.74429185941371 -14.778806556243119
-12.907888086484915 -5.041410525325908
-2.118278798377797 9.889339638612064
2.5030307005037864 -1.88450974542324
7.791043829099152 0.32999449869451514
4.9888583596983995 -3.604725334805286
3.367177804227278 0.6480531635265554
6.066069657624562 4.89293729804456
-14.071452731218272 5.973991071688838
-20.713294456170807 13.582077242375739
-4.359987513288931 -7.894493192670527
1.7459454361134497 17.825451609349535
5.977322683077335 14.92467378059247
7.138389423407491 -3.0168582875735446
6.55305170119242 -6.039481515508654
-3.83472139300302 -11.742507528583525
-1.0459674372138896 -7.745127522859864
4.172673932144527 -10.253900253682973
1.7438254238500148 -3.472805465979466
-7.211487927863442 8.148941587372203
-0.5625500166085171 5.325012044477626
-5.180050214294946 4.8499659932367365
4.77740862714823 -16.57907944355938
-5.495962927554295 5.4753627738857755
4.788764621895777 4.028695413547489
-6.7890404155728294 -10.29428681059047
4.846197182338113 18.655387109769073
7.050792859557599 5.6178159558550655
18.103438336690676 -18.82998853166355
-4.42150062659004 -7.782358748353353
-8.412976593364677 5.311590561895686
-0.7910616671317605 -11.39020436814363
9.48467971605419 -1.5763601697599228
7.281724007480034 1.6205897026954064
-13.237934273834998 -6.744846862965681
7.018120582067066 8.993926796390262
-5.710224266862577 2.0715611969983994
0.7685874380190616 15.049038063589496
8.461407402092709 -4.733776338314497
-9.248794609866945 -2.87846290036872
4.209263843267728 5.867890254448021
-4.606177699639992 -0.10599568655859493
-1.7906608209374273 0.6355883526922623
7.825991792909701 -9.604384858957484
-5.032462136562641 8.535390400766747
-10.877185984960716 16.117886415589467
2.1051680183553585 2.1644524032596526
-1.8672424480391019 6.3747313952524935
-3.682470071135872 -8.09482990240892
13.605365241220266 12.552169786518181
8.280311796588457 2.1561698455300906
1.953647381652571 -13.436056344294439
-0.6245162905077946 7.059546164289133
6.413796016452027 -2.7723312655718297
6.296042440512872 1.3115601177276512
8.894873579505926 -0.31548753923267725
9.119379416112789 4.858178181238351
2.9261326813501958 9.033877057799529
-7.992981032503106 6.967201477907461
-0.44750154851010615 4.446494918462855
-7.286210949690731 6.311126211886784
12.497507399682842 -16.646009136967926
-1.2024668421782572 -10.756606051784908
5.113517191687913 -5.740556129213041
-5.440816324608616 -8.711424144920466
1.315340335272797 -5.1424101619245075
-25.07486936361409 6.590742211418451
-14.626234572321565 -0.9771725063915726
4.694412284041442 9.300646366487737
0.10539082319552762 11.041538705675181
8.406378240862272 -8.318095554052906
-0.6649824791468109 -9.11066498609943
0.9110269584718793 -2.365130786348592
-8.753872503813405 -15.888926594464426
4.617894150894915 -6.293851305053049
2.580937391247467 8.90938924984273
-10.986136660594578 2.105153322220625
-18.38884874375224 0.8934711332474716
-25.09298817097413 -4.431756954702898
-4.046523398978584 8.845336601263268
-17.710867639528697 -12.861839897726988
-4.595308443925367 6.2171038708476605
3.994387837722698 13.70012798182929
-0.3565528849474928 -4.673276904872629
1.4089774097897796 3.9572736752015434
2.9708678749216295 5.822368040853607
19.479823935786115 0.5568251394439958
-3.3525176056907635 8.820661941918043
-14.446893652660432 -12.793193542905522
-4.759502662834409 -6.524328581890302
-12.282314904923442 12.540861163737755
-3.2646358553358166 -2.782650899783591
2.286668461926877 -16.007349130632186
9.919599336577306 -13.944622161800142
16.899983863715047 -17.546321184499064
-11.134009647531478 -8.755863283967422
3.6026212488964577 0.5579819283219862
-2.186435726038381 -16.22121623905127
-11.705788006664278 8.871877892161743
-13.31097177008268 11.222857639979804
16.380798424375303 5.643189199822331
6.185479186290731 -12.428527990123364
0.48882848943631396 -4.219131740425057
4.158754663828522 5.6486953178275385
-8.716954741264495 1.7125142834814482
5.7012617168359165 -3.959113667969415
5.038659108166027 -8.656858300003822
-0.6780265317698593 -3.780876078344114
6.14279149681925 5.323241172670524
20.871187481143846 18.75217440959309
-12.367267001862583 -7.039835668146469
0.07221720505048435 10.087276039601392
-4.854892916014896 -11.280441945396195
-0.20038634068726147 8.474239028406648
5.474328499067167 -9.933610299011429
5.441548071388738 2.9762172951302146
-3.420575173990831 -0.020125182839872746
1.7759560385217719 0.5942223591327034
-7.051075344383389 -2.0581417858791493
-16.82802309059926 18.133260455857982
-14.59876891443325 -2.057768849268201
-9.935915630338766 0.18953767726664594
8.415569569471028 6.839007682306153
9.704725892796482 -3.7007897263060316
0.8679254663278275 -1.225536937565657
-5.762490521567889 -11.414346291337175
8.896022816511497 8.681364085576526
-9.176396473465708 -15.490246419603904
-10.335854591938247 12.153864927377253
-8.460111111485066 2.951740843147946
-9.065790313414723 2.3150221151224093
-7.5854736951989015 -14.507304227021574
-16.368007483323616 10.572360184189142
-4.290394524870991 19.09501212705149
-0.8045897970583535 -16.162770976273556
12.602316031477105 3.6190471168146545
-1.1458544440379193 -4.567135252824469
6.643954071835881 -2.1973208497026473
7.673751395523901 -4.52903201017614
3.969209253678758 -18.978056096381522
-3.972374951699618 2.982535337486481
25.52941670428897 -25.975649602420194
3.1796373395040827 -11.987456493697593
19.296432281423026 12.168807934085006
-3.2326148648533115 -1.7886965904852492
12.617155861875501 -9.63392658899785
-2.885482907105912 -3.0019721445106455
-16.76532400738474 9.599905018883955
-0.04323665351662598 5.254080154785493
3.3756107081750266 1.2511307518885075
-2.311961375678592 -6.495235192345658
2.4766704560266 12.163163452630725
4.53954416605899 -1.9577202237579723
1.1944468514118904 -1.0797395001296675
10.113651660781501 -17.770775510024333
-8.421533380602543 -3.98584448851956
10.186194482411006 16.903193668287862
4.197131803415301 -0.5397638255998096
-9.707893135346259 -5.452736232658554
-31.600298021377235 -8.955726675096157
5.174212246162779 0.7714185168579117
-11.770060782221378 9.475525075408484
8.253790998601273 12.52147128177093
-9.110048544038243 -4.093677772531155
1.613375356128814 -15.394840575103672
-3.531754970527842 9.188951793545828
7.3504066690944185 -16.46269488609299
6.709441593141807 -8.660148160149314
21.296807348656866 -0.9116266958536017
9.46887726917106 17.716617495499627
15.248823781214092 -11.907761594612387
5.914680868545277 -2.3722966189235604
-4.5998472460660516 1.1717293112125287
-6.48537732118672 -11.276675622807625
12.723809998723858 -5.0359254252329055
0.9951320011402185 -14.265245155289154
4.646058632619741 6.050946060054114
7.421012686681179 -12.628071866178814
-13.402409369175743 1.0033651093085192
14.115857519820636 -19.221721720547066
-6.243798536124995 7.747135793481971
-5.426136949793648 1.6532515234095182
22.337756623633503 3.810775844394531
-3.862758307455141 17.715752466485956
-13.498655867057916 -3.1972669261958115
5.133123837345232 -2.5166540664831674
7.884542844493804 16.565911609414954
-2.3260885015180843 -7.3577402304119435
3.4594414873556776 -8.744069572302996
-15.972641229103592 11.4203909902692
-8.311169554435306 -8.842567427976475
13.770183528601486 -5.0601267657922495
-4.540734050852461 6.835442505856995
-5.241953704738564 -11.337864517547793
-4.047505715345775 -0.5231250000256082
-16.983916497425298 -8.740907306147804
-11.123717624733803 -5.22563979594891
-1.145613412124203 -0.4636104955439695
6.6263392011204125 -6.8871583445934945
-2.189835768051772 -4.87840917831277
-0.6752498191963339 -15.340710409986851
2.1140395867812405 -11.984270991529248
-1.5889892579761655 -2.2008037448552153
-18.501510419890693 -13.809179000805178
4.18858539527969 -15.241379809615538
5.178402590620004 0.7603365519818928
0.21176245940103122 -6.796984943204459
-1.6691202225510589 -9.331661182262728
17.597027851208818 -5.963877410360093
0.27364659782990763 -23.449809722000683
-0.12317171322825171 10.93939724919585
7.563475902975025 -16.212899023410618
12.564479886661802 12.365331611564772
-2.1297462425626383 -7.576243977802994
-3.1622629821666175 -1.7102686326608723
-6.857075825080493 -0.7440737098753172
17.69581806451846 2.6725083686373248
-10.01799913201901 -6.868253166448878
9.172714945086993 -5.36288375103836
-8.461119190302364 -7.37771994011985
-9.421763900499563 -14.7969122354856
-3.5106619211161494 -1.9313045892717886
7.812690271732442 -18.57065011308982
3.5585768036571865 -5.87796520701696
-6.526482710791237 6.347617265514562
-13.786618589436157 -4.275313205869099
6.802500344172815 4.886972523113064
10.858929857480945 -16.741812136236373
-5.724502560208068 -9.18132316525308
3.062748949229511 5.517824426036638
0.4747550631744559 23.21164424217066
8.271897333557678 -1.029304059280098
-11.35034477861871 -3.598480588736404
3.537596052198421 9.011438485750434
0.9608900027861225 11.20058152651768
-3.386819988773821 -9.250889652591557
-3.8393520878814815 4.509742574064252
1.367709670990653 -7.649286442975764
7.124930723732313 -20.444685884806702
2.2618266992833345 -10.232183013059268
-7.7462193772647545 -7.481625165176835
5.2438076694811535 23.407679475149752
-2.4374347791187656 0.271836391423083
12.566111722431472 -12.645425338211558
5.821808800216832 6.824996416674043
2.1229130337139592 6.852759940087811
17.986788203236127 -24.782323621620336
5.96285418489446 4.3636801233301945
13.053424079077699 4.520011311127238
-5.139042964291567 14.236368063216656
0.7675203856449722 6.916851213499357
-10.781472426634291 -6.949783361968404
-1.5989585199115917 -4.2119401530493
9.477574663821493 0.8736436426255364
18.37445779168126 8.962147546884625
-4.534478122509744 -2.6631145456679985
0.5980603032566414 2.0775904922769928
8.866432541733417 13.38205099555259
5.856904017037462 -10.717314967996334
6.423711541476548 -21.56917879028876
-9.698715265737224 3.1662865283577815
-3.588067947937254 1.3189992840349039
2.0740330330613697 10.18061065827829
0.5477977639297864 -11.72321941918387
