68.77223816624749 0.0
-2.542509332377212 -3.009200727490734
-0.5837304318336731 -1.9764127663265993
-0.649884205450372 0.16875263201254587
0.15418257687350767 -2.891382566292758
1.0236466757882827 -0.3526117111752829
3.5288733297013133 4.906831718737494
-2.287079672100833 -0.6236737081804712
1.0005973091339764 2.629907418037182
5.092932584310012 1.2109918055926183
1.2665385650533358 -1.2445839238183385
3.092302997508103 -0.6631594684065587
3.0906305118546893 -0.9334644914327557
0.08964782436005991 1.7270650744734801
-0.7660029374015425 2.302807461089376
0.7448768609923485 -3.9162706945873875
-0.05915706675541754 -1.6421572927208055
5.39456129468757 -0.5717378881933661
2.737743545366655 2.180144733464915
0.3587300976448835 -1.9035131359647217
-0.5375526893907673 0.9262838218841551
-2.7683562433441424 -1.61268202504123
3.339810303353524 -1.3382147369283142
-6.183264437534863 0.614570757885741
-5.076396376186097 1.4238834418878157
-0.3280216220451859 -1.0310771871729765
-0.06647304085773065 1.1298379703330008
0.7165089634933226 -0.7147627710655642
-1.3604722297348093 1.9659094187941981
1.7120771691860022 -2.6279094065714954
0.11835754021688838 0.18563093083422746
0.809730960214468 1.1759186767189735
-1.1056821805741812 -3.272107770716161
2.9550249160933566 -2.366424207010057
-0.6227970261404402 0.6489960553171666
3.5745687636639043 -1.6938194594709302
1.0728650550350802 1.247743851438286
0.6686608163535017 -0.6745821726066592
-0.6240639011267212 -0.5904241599847346
-3.510400393764255 -1.4912014423836468
-0.2923073406313401 3.0080006010187836
-2.825246604717784 1.794495636416105
2.411485272354412 0.9096676620638191
1.5837350997416273 -2.9558146833244185
-1.6434214801308138 -0.41424816571430656
-3.410905373324163 1.432495743212008
2.4899818107731546 0.48271063645802137
-0.1982571109074387 0.5833118879705056
3.5231614283467017 -4.7055434016353725
-0.6489804452024284 2.24307130603501
1.3250477396206568 3.043644053630587
-0.8712099287931196 2.1617512627120217
-0.2653726291500158 0.8834942324855419
0.3966732310983636 0.3195748719285053
0.906819527196655 1.3199295677554967
-3.663462030043342 -0.5748106201322448
0.09487022819680546 -0.33670632672189527
-4.362844787479537 0.4130727640834292
-4.347757201340618 -1.1812377766572812
1.0743935530704356 1.7333660369795867
-0.08016188569756749 1.4755180778020824
-0.40066766639020157 1.9220553218141527
-1.6422272409405694 -2.77703398085925
0.08675445745929089 2.361892306788977
-2.098103362885581 0.0
0.08675445745929089 -2.3618923067889783
-1.6422272409405696 2.77703398085925
-0.40066766639020157 -1.9220553218141525
-0.08016188569756745 -1.4755180778020827
1.0743935530704356 -1.7333660369795865
-4.347757201340618 1.181237776657281
-4.362844787479537 -0.4130727640834292
0.09487022819680546 0.33670632672189527
-3.663462030043342 0.5748106201322452
0.9068195271966554 -1.3199295677554967
0.39667323109836317 -0.31957487192850476
-0.2653726291500158 -0.8834942324855419
-0.8712099287931193 -2.1617512627120217
1.3250477396206573 -3.0436440536305867
-0.6489804452024285 -2.2430713060350103
3.5231614283467017 4.7055434016353725
-0.19825711090744003 -0.5833118879705057
2.4899818107731555 -0.48271063645802137
-3.4109053733241623 -1.4324957432120085
-1.6434214801308134 0.41424816571430667
1.5837350997416277 2.9558146833244185
2.4114852723544113 -0.9096676620638194
-2.825246604717785 -1.7944956364161055
-0.2923073406313401 -3.0080006010187836
-3.5104003937642547 1.4912014423836464
-0.6240639011267216 0.5904241599847344
0.6686608163535015 0.6745821726066592
1.07286505503508 -1.2477438514382861
3.5745687636639047 1.69381945947093
-0.6227970261404401 -0.6489960553171665
2.9550249160933557 2.366424207010057
-1.1056821805741812 3.272107770716161
0.8097309602144682 -1.175918676718973
0.11835754021688827 -0.18563093083422733
1.7120771691860015 2.6279094065714963
-1.360472229734809 -1.9659094187941983
0.716508963493323 0.7147627710655642
-0.06647304085773131 -1.129837970333001
-0.32802162204518615 1.0310771871729765
-5.076396376186097 -1.4238834418878157
-6.183264437534864 -0.6145707578857414
3.3398103033535236 1.3382147369283146
-2.768356243344142 1.6126820250412297
-0.5375526893907671 -0.9262838218841553
0.3587300976448826 1.9035131359647213
2.737743545366656 -2.1801447334649153
5.394561294687569 0.5717378881933662
-0.05915706675541754 1.6421572927208055
0.7448768609923488 3.916270694587388
-0.7660029374015425 -2.3028074610893756
0.08964782436005986 -1.72706507447348
3.0906305118546893 0.9334644914327557
3.092302997508103 0.6631594684065588
1.2665385650533356 1.2445839238183385
5.092932584310012 -1.2109918055926192
1.0005973091339764 -2.629907418037182
-2.287079672100834 0.6236737081804712
3.528873329701313 -4.906831718737494
1.0236466757882832 0.3526117111752828
0.15418257687350784 2.8913825662927586
-0.6498842054503711 -0.16875263201254564
-0.5837304318336733 1.9764127663265993
-2.542509332377212 3.0092007274907346
