19.162435185741895 0.0
-0.0846765069118498 -0.9676037356032658
1.2101659600401071 0.41911339055005004
-0.7373452150124551 0.4965754517619676
0.5100600538320421 0.3439870111849034
0.6630219297369766 -0.19457308709744292
-0.20183979730184354 0.59456863564577
0.21836078428867067 1.5669322287239171
-1.1153656712733175 0.36100232479357786
1.2359406051798205 -1.550688683664485
-1.6660928111759958 0.04427144913270431
0.5404745901811598 1.6247103686316824
-1.6568372721348794 1.2131806705020467
0.20212821833894312 1.5051685690243175
0.009681432863137163 0.3805669883455093
1.3311661877384307 0.38418192767933995
0.01778457146574297 0.0
1.3311661877384307 -0.3841819276793399
0.009681432863137163 -0.3805669883455093
0.20212821833894307 -1.5051685690243175
-1.6568372721348794 -1.2131806705020467
0.5404745901811596 -1.6247103686316822
-1.6660928111759958 -0.04427144913270431
1.2359406051798203 1.550688683664485
-1.1153656712733175 -0.36100232479357786
0.21836078428867078 -1.5669322287239171
-0.20183979730184354 -0.59456863564577
0.6630219297369764 0.19457308709744314
0.5100600538320421 -0.3439870111849034
-0.7373452150124552 -0.49657545176196805
1.2101659600401071 -0.41911339055005004
-0.08467650691184969 0.9676037356032658
