513.8721929129856 0.0
0.17572902685447644 -8.365913223397984
-2.0101381444658504 -10.587057268501038
11.73260478417389 -9.00933496476455
1.3588666006558006 10.538714055198875
6.015476752598124 0.48307989821007835
-11.159886080797396 -5.015482584170337
6.6194284382924895 -3.5790404689964745
-2.806433934685805 -0.8222553794125012
12.404573111425533 -7.884725640908855
0.04323537714652881 2.427152230443288
4.7794722495501 -1.7642779023745123
-5.927677759990997 2.636279709701784
-2.2634854863255303 17.3715447861659
-6.1267726048047955 10.735378141975085
-15.381201899499956 5.914824783481494
13.774288857242222 8.503306705433737
3.2376459233145107 4.784326010532219
-0.6526817267282716 -13.4601212514848
5.777631769895588 -1.5516773768885146
1.4635074444131253 4.226165666796355
3.867438168847107 0.7590181769675413
-6.408979874882931 -7.366543891416518
1.4321449861361228 4.7912374087684535
3.8686878410196477 4.379203241667689
6.313718992030804 -12.44246287810259
5.350904790267349 -8.077767157411245
-2.8381113243408493 -6.623056835416468
-0.3485890398292282 4.837144537566751
-13.218802529092779 10.635984837391115
16.604643306835403 8.491315841951556
3.0277416532900316 -5.310135756129631
3.758362579277963 13.05716697832447
-10.496657031474578 -0.35099870715295367
10.79619116079343 -1.7210877726928495
17.09613959452598 -1.2975857636573611
7.3380852825593745 0.6588193124888932
-7.72682853695963 10.863688228066751
-8.015581353310642 2.826977257413337
0.9904237949445589 -4.549426300794686
-1.2477667429531898 -1.1486513922579524
-0.42602820194393853 -7.352706194725379
-3.78734314857886 -1.7808440816553124
-2.1797603460221113 -4.013498659891466
2.1581481951596944 -9.368495510750376
11.929634335360747 12.28014095258452
3.514026896733179 7.384794626561518
0.7874624752690069 11.490111679302084
-1.0224208110999733 3.691154962117005
0.0581815218630346 0.5527273489256705
-17.290151183196393 -4.1022857044254195
-5.3661075035821435 3.5689181349734134
11.643272284684087 5.026801583037055
-6.151703559151245 0.4341850327667074
-2.937997798808668 -8.931193826808915
-2.6180762898012393 0.1754301169167245
-8.950014671257204 4.301259819189447
5.901970919242443 -2.9573504483389645
4.83313538420307 5.670773614059241
-1.2977236235140985 -2.613804258814591
6.598151158147388 -9.024522024126762
-2.626606334867956 -0.9629531740059134
2.807318943146095 -1.501449154175059
-6.613905682223004 3.4313182559767377
-3.9162301347381256 -8.139322354501486
-6.870870087954314 5.472743097638532
9.430858122990962 5.83310615315569
-5.737169666666581 4.081674954966213
3.1559391422709044 -8.452590460143423
-5.6686097494447525 -2.3071620659609926
-0.6925522808223086 2.7410687043573643
1.1567314999927394 -0.32196044277292524
-9.587214701499233 -0.6241781712526699
3.122364791259707 -1.321012915244979
2.423910774121006 -0.4029182686783712
-4.851840714814745 -2.9071377687793576
-6.610818988554215 -6.112679128781184
-3.6027542987790655 2.9152246013949696
-7.021759018915871 -11.332641900093721
-6.484223831129354 0.7848773733989134
4.557961741191134 2.686798173831028
-7.33196919484139 1.152837757718134
-4.447494925771974 -16.422675002101936
6.35536108033212 -16.19792526515032
-1.122933206106257 -2.6544172851827383
-3.824783346541031 -9.42893707976001
-2.6628183383658937 -5.9114761765003605
4.761256289639402 -0.6311148524303685
5.948284212507842 -14.564977625635656
-3.3125969738492964 1.6110133028205675
-5.660272430192878 6.706430519233068
-4.110092947439272 0.9983890913804052
-5.55517513267489 -10.398798005180044
-2.605439419774015 1.6593861384396695
-5.903850877956868 -1.1162922593930946
3.636575390313002 -0.07488648749211846
5.784055345671507 7.389019794576894
8.333341919720718 11.622820379863489
-1.7072010962532054 0.16620457980980774
6.453599336817446 4.500829776814607
-2.915301359854898 -8.942514117361988
0.126400305577262 2.9703952519203036
-3.559541760669938 6.264189486362138
-9.660069170723105 -1.1711841672932604
-1.172732163521002 -2.7525233804410094
-10.75312336302692 7.627546610678689
14.991863764059232 -0.9968389519025247
8.955075071437955 -7.866729905314208
1.0699176236179255 3.563957933448988
-4.477107739611763 3.265498146481214
-4.457256667323451 -4.874703835104804
5.41121825789702 4.39258633885054
-4.448155489819468 -7.602878161825624
6.015317378453075 9.767215977238742
-3.0979102006257246 8.86927794965276
-9.316438982740772 9.280271201238307
8.07810654512045 -3.19512737883088
-3.494118826060003 -13.970790672444117
13.779693601478169 8.586805296902547
5.169565086219032 3.0749189300121795
4.993618678588586 -0.5057618941777129
-1.6588453041908466 -4.016687919326106
-4.852302044405558 -0.3887304739877133
6.447220722186614 2.9908005764513867
7.4761431642761185 -10.961300803218158
-7.0557617222079605 -10.867592469780654
-5.542432821669348 5.674063286199875
-4.936810840980604 -5.180805007874304
-4.8345852449167435 13.135487481614867
3.073658516363976 3.034367805974375
2.330271340896868 2.8840187843420866
-3.385971319179058 8.367435650362866
0.7798926660350087 -1.8712396102455786
-11.03066448758923 2.9873217598616986
-7.584427981732738 6.8845540873081195
-7.921612042283995 -11.76428665833795
-2.3424726395732476 3.8904463432448564
-4.895042456257835 2.6677422355926868
-8.944451242544456 -8.349050926759762
3.783968154900387 -2.2096069598825983
-3.8086899699969203 1.1337396299938445
1.8650531626716962 3.7553169546602376
-0.6728320953805222 5.363108846593009
0.3423087494618078 -5.861510238371757
12.01171041209803 -5.033614205933416
-1.9903273852169723 6.263834312150335
-1.4477250186444612 -9.993867847566637
-0.4531874205034572 -2.0995269857168686
-5.10922986055343 3.8034374179164083
0.03199863337666109 -7.917306799380314
16.027901704003643 9.48468349148034
-10.688155333952846 -1.1573540605636516
-3.335447930507241 -0.2275658366734321
1.3695021324555712 5.255906405085167
-10.704254708745758 -1.991903521765075
-2.027372728496924 12.148144337416197
1.9890744141575354 4.187013725943328
4.571857684545343 -7.468687389382202
7.7686022146575455 0.8172146360563652
-4.86953710420058 10.186899339051383
-0.8148179495344632 3.6950990747366577
-6.330504537631342 6.77428382475852
6.037934195632328 -11.839167909264862
-7.230989866676447 -6.299333561943032
-2.143363575369862 5.650844559556027
-0.6799882036858631 -6.987213152863884
6.800054744259374 10.0417483590238
9.446417558818746 2.4595934456974704
5.744448067849076 -6.157661873209108
-4.639246929284816 5.020105080910271
4.7009576473925385 -4.080012621388279
4.2842144847277694 -0.4979101190779289
15.172429821180462 9.413624471173845
3.9273188416272977 -1.8224233496424742
-9.505188760189728 -3.9445317665552997
-1.5564088151363973 3.4944767862847423
5.123331585973801 -0.9246050883674974
9.213641257382879 -10.826378809886059
-11.55940430870347 -9.698794768478765
-3.306851422602465 0.8893282697177448
-3.164227821236537 -7.804375153804451
-4.174756051212677 -13.065806401154596
-5.697516168512941 4.883506084851838
-5.374600722572408 -4.302582673015053
-15.643885970416449 -2.6809702825337265
1.2942431087864001 -4.417550164144751
2.174888377106157 1.447641826433637
-3.2588738843747778 11.29601393643808
-3.958699935500885 4.883579414533117
4.912317583939272 17.498137522496727
0.36214807224894296 -1.1061630862648646
-0.9882971708124955 2.7132428420394996
5.350635315595491 0.7767849035450625
0.5402721728491189 4.356979562234419
-5.340468051479941 -1.0243131875233091
-7.394670370188825 2.4361598952916586
2.7527844350801534 3.255574091073185
-2.653354112580297 -2.372443356348013
9.153077385818532 -0.6561109861381773
-10.078919913888548 -4.4211222053686505
0.7357230849380629 -10.969080095493634
0.08307326636105383 -5.783451136856714
6.151955826149789 -5.574131338198972
9.081769828177853 -6.804438051423206
-4.634994456258538 -0.838936000134721
0.7808892913780161 -8.309880762926264
-6.343870283939685 7.3900316236299455
-3.342774121408121 1.615365480546917
-17.27674999237116 -3.927097513358255
7.413944775425734 -1.3874402865567612
-8.0844241516531 -0.5813944737243109
3.873305838557238 4.993745475430266
4.048255163753204 -10.467378588139105
-0.9254045368734233 -4.138545918171861
-3.9467554578040183 -4.618654034944102
-12.442600287715944 -6.260150260375447
4.290484679891206 0.8769074687465714
-7.518522266073913 -6.500975283848312
10.748438059517653 4.3963043738250285
0.3361609042814193 -4.530571013933291
-7.361668378331723 -5.650378494821654
-16.68745198301098 1.0220739984742613
-6.802075783112767 -5.208654876166479
-5.6330733775036474 8.155544761465535
-5.272033324256018 5.883605318349109
-9.847080007839983 -2.533324912375647
3.331699588872774 -4.699341061569865
1.2484020814606094 -0.20620736780827853
-4.339812732512445 -10.74404369263036
1.9551532983468847 -11.015468287468599
0.4351974951002049 -9.6615425334332
-2.403335277441912 -0.5226888007824116
-3.306397285660501 -2.2370094017758366
5.285634762929073 -6.814318816868127
-8.501523961736495 -2.608297986080145
-6.389593664197107 3.4316840688886114
-0.6784985652868802 -6.957162216136482
10.311718946720365 -8.220896446050816
-10.036951300964537 4.8031046128201
-0.26649601215387353 -6.973439514991626
-0.28790735616996255 11.918762994343075
7.139276728077898 5.805006290702323
9.452571329977859 -13.44869023936948
-7.369001083691389 5.273810104659084
-4.839040496707526 -0.4844476944483196
-6.784861016978105 -0.6223284759912224
-7.791794501021025 9.265131586979187
8.241221418941155 6.717524119101122
-5.00176292047155 -5.388641271548803
-0.36105090712170673 4.167578609976424
-1.5349222600936265 7.949342306257153
-8.692866963605066 10.230840660821741
4.322896613623558 4.056738162125235
-6.337201874034843 15.368033619759759
-9.39987369206953 1.2327732668770321
2.0767978229464163 4.4727585656062985
6.479920987975163 -3.470589032720966
2.2462794228043066 2.4778571490060384
-3.7366724801041835 -2.357459691440377
-1.3860880783133664 -5.983370526729395
3.3637023916170823 7.5867703939919915
9.122893980555556 5.4034089730656
-18.29460632956628 -16.886890404427234
-3.3612811932289475 -2.61862337502161
5.764322820673476 7.665087085063973
-5.225720096474936 -6.070672726071379
-3.8829493728145055 0.5510274885217843
10.5531436626925 7.271384041780174
3.0183866281299516 -5.768847962147126
-1.2826851448473304 6.8008669289538455
-11.034673069926068 -7.174553869118931
-6.41178858895862 -2.4469814420061136
1.8294911548930075 -4.147991154825117
-3.3480380974692596 -1.9861744911494559
-18.627646373703037 -0.9376463716091474
1.9124125903976 -1.9694451590976905
-4.635718590744647 3.7478106133899782
-0.06258723775404729 5.450522206674823
0.14074645182634615 -1.7059967900161614
-1.7760327018261703 -3.414571077569546
0.9461500133364658 -7.956850579807881
10.142383482315358 -0.44261752224206824
10.956803142151834 -10.49709789113792
-7.968359182012454 1.5780608666914313
6.02615708967995 4.1322802617827
-12.753428712190061 3.5939015170452344
-1.2887014462212956 0.3779622804638989
-6.672864387858173 -6.464919243209516
-2.052158700705671 -4.993420234754593
-2.9532669393162543 -2.418191958861495
-12.804634259391433 12.844177433412678
0.9800656578245395 -6.545412701912179
5.0977893460376915 -0.9166913166371282
-0.9337198860259395 3.168987013753228
-0.8753232932879165 -5.818144137027099
-5.366486382077136 -7.037463139665681
-9.950299560883042 10.024791379914927
-8.364163901587048 -3.284695372656752
7.668816357064097 4.255300332856976
0.8725355766941474 -2.436020762343176
0.5096122310082536 4.450594110414172
4.043857843367249 -1.7845993512201757
7.193842967889628 -12.27082889670827
-10.312642734244964 -2.5706870195132723
-0.26241350636007965 1.6151353990893629
-1.170226853625985 5.617956762023892
7.358694702358639 -2.4426786316200166
-8.788734995430994 -9.13438067291138
18.322764002530462 -19.76626764365382
17.792959080487304 -10.454032296735784
1.7004440569489567 2.856456025968305
-11.847368726107952 -1.6918277499480512
-1.9717388688635162 -4.447789133866673
1.3319541395802377 -9.06609226245832
-5.38182055175511 -10.397625398537029
-0.04131978829988214 0.26298178019950846
0.8896847219081945 -4.579126251754584
-0.15576686940529783 -2.08837921773247
9.437261770054793 8.975759213715488
9.16886156818611 1.0850096678963246
1.9921476304616983 -5.508699231421513
3.3963395843183934 -6.135177429707092
-1.6563769388599234 1.8509058671555585
2.576754216809846 0.05963538467780438
7.703464113192212 -5.137834383046734
-0.8914315248331777 7.6928930027062705
-10.658014276358621 9.48447242194027
4.67193718845134 -0.12805951354268919
3.903109959341606 -9.577955870426427
1.4684685402404531 -1.0435849369837347
6.171521282466321 -2.9645312531532535
1.5348733398552175 6.5045946451633005
-8.029284128401386 1.2811487313498642
4.026964821813704 1.0087031637212087
7.005510767906145 -1.34084636358833
-8.167443621914796 -1.3339229637833432
-1.7266780285674899 -8.341016917291107
-9.405850004969503 -4.059171932164942
1.4701680189159578 5.169102406955449
-0.09196255804282272 -0.1664909722729222
0.3925310339673205 -8.307105732847303
12.183222956352978 4.7622694135996735
4.296550055448073 8.157770162752382
-1.638330461439416 -10.838536583879048
-4.8328548169679575 -0.11204555143248118
-10.141740538490245 0.2903077519566475
8.668441704904724 7.902932984653898
0.21882084211841146 -9.974994689492009
-3.956132378223164 -10.203797696477274
-2.0035809403076046 7.936459050021719
5.013154881434655 7.310499875224658
6.4892271315137355 5.510636935990998
4.226100518482038 -3.998256855095125
-6.271116959765222 3.4866794079891137
15.39049823860028 -7.125890820255737
4.790689059334438 6.102732150947214
-11.86297614449721 -4.473817249858121
-7.099232045714621 1.2829398773171796
2.1357814640520933 -5.691507888774513
4.580394897462147 -2.668877024601576
-11.162751025798674 11.109078787660716
7.754568705027695 -12.28789380180285
0.8402368562157374 8.752651831731582
-7.524807051303757 -5.763293795108201
1.6059783498170577 -7.326106989469348
-8.30658835274525 -9.495618356738962
0.6311137832118883 -3.226472596006177
-3.652219678317939 5.1828062637518855
-5.110323217617209 0.08262538582713441
-2.9513252257742666 9.420863819731393
-4.093685722148987 -0.8672249228968503
-10.249797867489228 -10.564333524540245
-0.495814088188933 0.9065847736427115
-2.0308797049150753 -12.473380531687567
1.7157759771367478 9.664354528535842
5.739984557461426 2.6962423021974886
8.722293451942221 -2.517605654006332
-3.1371804545789947 3.842124611920851
0.6476462861038565 4.624341600058651
-9.250886517717552 7.81205930002552
9.670924129949455 -3.451751790359556
-13.142483315857621 0.5825899228323577
0.3397281217317474 -12.807784539724642
-1.1844084870234983 -8.692121281658464
-12.311903196552189 5.1554079490390095
3.7771405933877022 7.589457435458142
-7.037210114599613 -0.45312588712979185
-7.581745838270901 -12.144646451080433
-3.1731009240941015 0.06714627314771349
-2.0883166088877134 -1.5032292349487275
-10.19618023407078 -6.9464147263867755
7.4935033323482845 -0.016058508459823706
-9.054500152081836 -6.6357954094415454
4.141551603801494 12.841121944422913
1.2135214485446637 5.459813690535173
2.6330166089180542 -5.218709439822253
-8.697982136925066 -0.834140181573463
0.5620696913940124 -5.137603583858359
0.03667927705536811 0.3390657006862412
7.444680362101117 1.8805772347180683
-14.712301123969096 -13.104721143012103
7.836660808962255 -4.852959962294266
-12.830724950610781 -7.13388669388926
7.930668499404701 5.266330024870053
-6.8483961676027505 1.479543921777914
8.739166023030036 -7.000253524310724
0.37792042025989936 -2.005872504344781
-3.1381754720243897 6.625821961718536
3.5337167083429595 5.570358896437192
-0.6103774106523883 -7.999606298209394
11.126340342877613 11.29494424571818
5.131909618973179 7.840260539547281
4.633463422192779 -10.375669526887826
12.746656787178807 -10.858263684386174
5.736479271710541 20.051688540193062
-5.012608507841378 -7.243078523210397
5.218633766500348 6.787428083280814
-3.482699550250253 -0.21180460151936087
0.20234583173946818 -0.20399463284356345
-1.2749070884141238 6.615117597257875
-17.07907591567624 -3.4395807386771944
1.273621669137821 1.663452326794647
-17.966275192306444 -1.4747304187249046
6.836801596168941 -3.1666525123460287
-12.396080489465712 1.0796769641001962
0.5948423735106028 -2.486876993487353
6.834140484077697 2.3583931816409205
1.448323800975222 -4.048392097624843
-1.8760591547009022 -5.569226045044902
-5.011966034201753 0.5209287243581606
1.513647689604717 -5.6301611684946185
7.387222914536535 0.12300239476057717
2.9889837749375703 6.303764581190213
-10.127366036188606 5.237269625373168
-3.159504322680408 6.767195711846895
-4.685571807234954 6.645338027253218
-4.55729620069357 2.513480656919387
-7.7971611996019154 6.13710284648244
-2.619840110060095 -2.3049607705056165
-7.122943733443615 -5.600059968951684
5.0273541502662535 3.100380108878678
3.6974028001384833 -4.32256844917727
2.94541014245101 -1.9033085963408882
8.86185231789306 -8.250754081950735
5.478574197304475 0.24907745583868302
-2.926554301740027 -0.3038474381389462
-10.336371102280019 11.476712299373741
-5.141731943516392 2.59190361422883
4.259639376774096 0.7345106801247496
-6.069507538568386 4.056579878994561
0.2301682804547791 5.100206201040853
-9.421702416672396 4.129445984523528
-2.238785937793105 -0.42187269893118984
-0.13153895670753757 7.853552487704398
8.931654893928565 4.306865597770301
3.4890872061332097 4.808334000138194
2.289033104551348 3.088190075979851
-10.698896785715352 1.1443163124787763
-2.6003259507439567 -1.4518136098721164
8.069550008043825 -7.974386006525904
-5.997759310214945 9.374605040161539
0.17317307131173587 -8.370167959221067
2.7337185301290248 17.94097203306855
1.6019419704843916 -11.068160348218441
6.42960193989043 16.83911385491377
4.936563880196185 -13.719688310030156
8.322673405118648 -1.0540261872084118
3.291008038054784 -1.4416709124566598
1.997123612182704 2.254310955180732
-1.1370223675981221 2.3726520273137077
11.662039033153434 4.470744401586948
-3.7141397351232035 -0.38271285724712945
3.4263536783295887 12.016898430478305
11.008823694221116 -2.1222693394144136
0.5081867483873168 3.115373740531509
-8.852144187678883 -9.159182902400804
-1.5125332489932255 4.059533878772957
2.1252206566570973 10.026578806788196
-6.214463396314068 -1.9796639850466782
-7.745463337806504 -8.527058171443159
1.9108571704216766 2.724696571051087
17.36636390432762 -4.932251556673718
3.3093237733018546 3.4353105897856038
-4.4389097403470545 -7.498563301862717
-3.0252834337435655 -15.21284150391197
7.6850148568878165 -1.2435766803618025
3.3847428414334573 -14.056081272092731
0.7721541348285741 -12.008980339623491
2.200561152598255 -5.975357005050421
5.095973909170901 -2.376629534785404
-2.333751806754592 -1.9116034325442484
-4.761499820205985 9.02465236435941
0.9520138540823477 10.074505297721986
-10.644623405591323 3.3377227455238403
-12.956817882224438 5.709424964589621
3.9165308386210658 -0.29030167907724724
-6.890058761104459 1.476455105732203
0.40963742898669153 0.7499609668640108
7.987054312645923 -5.936442021631576
1.7997629193226339 -9.507998368273004
-7.7336263990984575 -0.8505868666809921
4.291724320054275 0.5491214016127604
0.12191668445384485 3.189562122513697
-9.579916857128737 -7.364298109600211
-0.11176470822209472 -4.064775412182318
1.4126451147925567 -4.194242253190057
3.668341607142259 -5.794747415157709
8.809244607975078 -8.347661517278762
1.4472715019670592 -8.912397378460893
2.9777306131524366 -0.5255746498986165
1.0897825773573213 -12.247484702668679
7.714524700355713 -6.500445956925674
1.1795876355246264 0.0
7.714524700355712 6.500445956925674
1.0897825773573198 12.247484702668675
2.9777306131524375 0.5255746498986138
1.4472715019670588 8.912397378460893
8.809244607975076 8.347661517278762
3.668341607142259 5.79474741515771
1.4126451147925576 4.194242253190057
-0.11176470822209561 4.064775412182316
-9.579916857128739 7.3642981096002105
0.12191668445384751 -3.1895621225136948
4.291724320054275 -0.5491214016127599
-7.733626399098457 0.8505868666809939
1.7997629193226308 9.507998368273
7.987054312645924 5.93644202163158
0.4096374289866924 -0.7499609668640095
-6.890058761104459 -1.4764551057322057
3.916530838621064 0.2903016790772477
-12.956817882224438 -5.7094249645896165
-10.644623405591322 -3.3377227455238385
0.9520138540823472 -10.074505297721988
-4.761499820205982 -9.024652364359408
-2.3337518067545937 1.911603432544248
5.095973909170903 2.376629534785404
2.200561152598255 5.9753570050504194
0.7721541348285736 12.00898033962349
3.38474284143346 14.056081272092733
7.6850148568878165 1.2435766803618042
-3.0252834337435663 15.21284150391197
-4.438909740347052 7.498563301862715
3.309323773301853 -3.435310589785606
17.366363904327617 4.932251556673718
1.9108571704216764 -2.7246965710510898
-7.745463337806504 8.527058171443159
-6.21446339631407 1.9796639850466797
2.1252206566570955 -10.0265788067882
-1.512533248993226 -4.059533878772955
-8.852144187678881 9.159182902400806
0.508186748387315 -3.115373740531509
11.008823694221114 2.122269339414415
3.4263536783295905 -12.016898430478307
-3.714139735123207 0.3827128572471308
11.662039033153436 -4.470744401586947
-1.137022367598122 -2.3726520273137064
1.9971236121827063 -2.254310955180733
3.2910080380547875 1.441670912456659
8.322673405118652 1.0540261872084136
4.936563880196187 13.719688310030156
6.42960193989043 -16.83911385491377
1.601941970484391 11.068160348218441
2.733718530129023 -17.94097203306855
0.1731730713117381 8.370167959221066
-5.997759310214943 -9.374605040161537
8.069550008043826 7.9743860065259025
-2.6003259507439567 1.451813609872116
-10.698896785715352 -1.1443163124787772
2.289033104551349 -3.0881900759798504
3.4890872061332088 -4.808334000138192
8.931654893928563 -4.306865597770301
-0.13153895670753712 -7.853552487704395
-2.2387859377931076 0.4218726989311907
-9.421702416672396 -4.129445984523525
0.23016828045477844 -5.10020620104085
-6.069507538568388 -4.05657987899456
4.259639376774096 -0.7345106801247496
-5.141731943516392 -2.5919036142288308
-10.336371102280019 -11.476712299373737
-2.9265543017400257 0.30384743813894777
5.478574197304475 -0.2490774558386848
8.86185231789306 8.250754081950737
2.9454101424510064 1.9033085963408891
3.6974028001384847 4.32256844917727
5.0273541502662535 -3.1003801088786784
-7.122943733443612 5.600059968951684
-2.6198401100600974 2.3049607705056148
-7.797161199601915 -6.137102846482442
-4.557296200693571 -2.5134806569193886
-4.685571807234953 -6.645338027253217
-3.1595043226804065 -6.767195711846897
-10.127366036188606 -5.237269625373168
2.9889837749375694 -6.303764581190215
7.387222914536535 -0.12300239476057628
1.513647689604719 5.630161168494623
-5.011966034201752 -0.5209287243581606
-1.8760591547009062 5.569226045044903
1.4483238009752228 4.048392097624845
6.834140484077695 -2.3583931816409214
0.594842373510605 2.4868769934873525
-12.396080489465712 -1.079676964100197
6.83680159616894 3.166652512346027
-17.966275192306448 1.4747304187249046
1.2736216691378233 -1.6634523267946475
-17.07907591567624 3.4395807386771913
-1.2749070884141231 -6.615117597257871
0.20234583173946552 0.20399463284356356
-3.482699550250252 0.2118046015193591
5.218633766500349 -6.787428083280815
-5.012608507841378 7.243078523210398
5.736479271710545 -20.051688540193062
12.746656787178809 10.858263684386172
4.633463422192781 10.375669526887826
5.1319096189731805 -7.840260539547279
11.126340342877615 -11.294944245718177
-0.61037741065239 7.999606298209395
3.533716708342962 -5.570358896437193
-3.1381754720243906 -6.625821961718536
0.3779204202598976 2.0058725043447825
8.739166023030036 7.000253524310719
-6.848396167602749 -1.4795439217779127
7.9306684994047005 -5.266330024870051
-12.830724950610778 7.1338866938892584
7.836660808962253 4.852959962294266
-14.712301123969096 13.104721143012105
7.444680362101115 -1.8805772347180687
0.036679277055367665 -0.339065700686243
0.5620696913940098 5.137603583858361
-8.697982136925065 0.8341401815734624
2.633016608918055 5.218709439822248
1.2135214485446655 -5.459813690535173
4.141551603801494 -12.84112194442291
-9.054500152081836 6.635795409441546
7.493503332348283 0.01605850845982504
-10.19618023407078 6.946414726386774
-2.0883166088877143 1.5032292349487277
-3.1731009240941006 -0.06714627314771437
-7.5817458382709 12.144646451080433
-7.037210114599614 0.4531258871297923
3.777140593387703 -7.589457435458141
-12.311903196552189 -5.1554079490390095
-1.1844084870234979 8.692121281658462
0.3397281217317476 12.807784539724643
-13.142483315857623 -0.5825899228323568
9.670924129949453 3.4517517903595545
-9.250886517717552 -7.812059300025522
0.6476462861038583 -4.624341600058651
-3.1371804545789908 -3.84212461192085
8.722293451942221 2.517605654006333
5.739984557461424 -2.6962423021974895
1.7157759771367456 -9.664354528535839
-2.0308797049150784 12.473380531687567
-0.4958140881889319 -0.9065847736427108
-10.249797867489228 10.564333524540244
-4.093685722148987 0.8672249228968489
-2.951325225774266 -9.420863819731391
-5.110323217617207 -0.08262538582713441
-3.652219678317939 -5.182806263751887
0.63111378321189 3.226472596006176
-8.30658835274525 9.495618356738966
1.6059783498170608 7.326106989469347
-7.524807051303757 5.7632937951082
0.8402368562157356 -8.75265183173158
7.754568705027694 12.287893801802849
-11.162751025798672 -11.109078787660714
4.580394897462147 2.6688770246015756
2.1357814640520933 5.691507888774517
-7.099232045714621 -1.2829398773171814
-11.86297614449721 4.473817249858121
4.7906890593344365 -6.102732150947213
15.39049823860028 7.125890820255741
-6.271116959765223 -3.4866794079891124
4.226100518482038 3.9982568550951267
6.489227131513733 -5.510636935991
5.013154881434655 -7.31049987522466
-2.0035809403076033 -7.9364590500217185
-3.9561323782231623 10.203797696477274
0.2188208421184119 9.97499468949201
8.668441704904719 -7.902932984653901
-10.141740538490245 -0.2903077519566488
-4.8328548169679575 0.11204555143248163
-1.6383304614394154 10.83853658387905
4.296550055448073 -8.157770162752385
12.183222956352978 -4.762269413599676
0.3925310339673205 8.3071057328473
-0.09196255804282183 0.16649097227292353
1.4701680189159578 -5.16910240695545
-9.405850004969505 4.0591719321649435
-1.7266780285674899 8.341016917291107
-8.167443621914796 1.3339229637833414
7.005510767906148 1.3408463635883283
4.026964821813703 -1.0087031637212087
-8.029284128401386 -1.281148731349865
1.5348733398552192 -6.5045946451633005
6.171521282466323 2.9645312531532553
1.4684685402404525 1.0435849369837347
3.9031099593416068 9.577955870426429
4.671937188451339 0.12805951354268919
-10.658014276358621 -9.484472421940266
-0.8914315248331754 -7.692893002706274
7.703464113192215 5.137834383046731
2.5767542168098463 -0.05963538467780438
-1.6563769388599232 -1.8509058671555558
3.396339584318397 6.135177429707093
1.9921476304616983 5.508699231421513
9.16886156818611 -1.0850096678963241
9.43726177005479 -8.975759213715488
-0.15576686940529383 2.0883792177324683
0.889684721908196 4.579126251754584
-0.041319788299882365 -0.26298178019950935
-5.38182055175511 10.397625398537027
1.3319541395802403 9.06609226245832
-1.9717388688635151 4.4477891338666735
-11.847368726107952 1.6918277499480516
1.7004440569489523 -2.8564560259683045
17.7929590804873 10.454032296735784
18.322764002530462 19.76626764365382
-8.788734995430996 9.134380672911378
7.358694702358639 2.442678631620015
-1.1702268536259859 -5.617956762023891
-0.2624135063600814 -1.615135399089365
-10.312642734244964 2.5706870195132714
7.193842967889628 12.270828896708272
4.043857843367251 1.7845993512201759
0.5096122310082536 -4.450594110414172
0.8725355766941484 2.4360207623431753
7.668816357064097 -4.255300332856978
-8.364163901587048 3.2846953726567487
-9.950299560883042 -10.024791379914927
-5.366486382077137 7.037463139665682
-0.8753232932879129 5.818144137027101
-0.933719886025939 -3.1689870137532283
5.0977893460376915 0.916691316637126
0.9800656578245377 6.545412701912177
-12.804634259391435 -12.84417743341268
-2.9532669393162547 2.418191958861493
-2.052158700705672 4.993420234754594
-6.672864387858175 6.464919243209515
-1.288701446221297 -0.3779622804638967
-12.753428712190063 -3.5939015170452335
6.026157089679949 -4.132280261782703
-7.968359182012454 -1.5780608666914304
10.95680314215183 10.497097891137917
10.142383482315363 0.4426175222420684
0.946150013336464 7.956850579807881
-1.776032701826169 3.414571077569544
0.14074645182634438 1.7059967900161634
-0.06258723775404729 -5.450522206674826
-4.6357185907446485 -3.7478106133899756
1.9124125903976008 1.9694451590976891
-18.627646373703037 0.9376463716091425
-3.348038097469257 1.9861744911494563
1.8294911548930077 4.147991154825119
-6.411788588958619 2.4469814420061122
-11.034673069926066 7.174553869118935
-1.282685144847333 -6.800866928953841
3.018386628129953 5.7688479621471265
10.553143662692499 -7.271384041780173
-3.8829493728145064 -0.5510274885217861
-5.225720096474937 6.070672726071378
5.764322820673475 -7.665087085063973
-3.361281193228946 2.6186233750216115
-18.29460632956628 16.886890404427234
9.122893980555556 -5.403408973065601
3.3637023916170823 -7.586770393991991
-1.386088078313367 5.983370526729393
-3.7366724801041826 2.3574596914403765
2.246279422804306 -2.4778571490060393
6.479920987975163 3.470589032720966
2.076797822946416 -4.4727585656063
-9.39987369206953 -1.2327732668770315
-6.337201874034842 -15.36803361975976
4.322896613623557 -4.056738162125234
-8.692866963605066 -10.23084066082174
-1.5349222600936265 -7.949342306257153
-0.36105090712170695 -4.167578609976424
-5.001762920471551 5.388641271548803
8.241221418941153 -6.717524119101123
-7.791794501021026 -9.265131586979185
-6.784861016978104 0.6223284759912246
-4.839040496707526 0.48444769444832003
-7.369001083691388 -5.27381010465908
9.452571329977857 13.44869023936948
7.139276728077899 -5.805006290702326
-0.28790735616996144 -11.918762994343073
-0.2664960121538722 6.973439514991625
-10.036951300964539 -4.803104612820098
10.311718946720365 8.220896446050812
-0.678498565286878 6.957162216136483
-6.389593664197104 -3.43168406888861
-8.501523961736495 2.608297986080145
5.285634762929075 6.814318816868129
-3.306397285660501 2.2370094017758366
-2.403335277441908 0.5226888007824135
0.43519749510019956 9.661542533433202
1.9551532983468838 11.015468287468597
-4.339812732512444 10.744043692630363
1.2484020814606112 0.20620736780827942
3.331699588872778 4.699341061569864
-9.847080007839981 2.5333249123756447
-5.272033324256018 -5.883605318349108
-5.633073377503646 -8.155544761465535
-6.802075783112764 5.20865487616648
-16.687451983010977 -1.0220739984742608
-7.361668378331723 5.650378494821653
0.33616090428141976 4.530571013933294
10.748438059517653 -4.3963043738250285
-7.518522266073912 6.500975283848314
4.290484679891207 -0.8769074687465723
-12.44260028771594 6.2601502603754495
-3.946755457804018 4.618654034944102
-0.9254045368734272 4.138545918171858
4.048255163753206 10.467378588139105
3.8733058385572345 -4.993745475430267
-8.084424151653101 0.5813944737243117
7.413944775425732 1.38744028655676
-17.276749992371162 3.9270975133582553
-3.34277412140812 -1.6153654805469166
-6.343870283939685 -7.390031623629947
0.7808892913780152 8.309880762926266
-4.634994456258542 0.838936000134721
9.081769828177851 6.80443805142321
6.151955826149791 5.574131338198974
0.08307326636105383 5.783451136856713
0.7357230849380632 10.969080095493634
-10.078919913888548 4.421122205368649
9.153077385818534 0.6561109861381755
-2.6533541125802955 2.3724433563480147
2.7527844350801542 -3.2555740910731816
-7.394670370188825 -2.4361598952916594
-5.340468051479942 1.024313187523302
0.5402721728491162 -4.356979562234422
5.350635315595491 -0.7767849035450625
-0.9882971708124946 -2.7132428420395
0.36214807224894185 1.1061630862648637
4.91231758393927 -17.498137522496727
-3.9586999355008823 -4.883579414533116
-3.258873884374778 -11.296013936438076
2.1748883771061562 -1.447641826433637
1.2942431087864006 4.41755016414475
-15.643885970416449 2.680970282533726
-5.37460072257241 4.302582673015053
-5.697516168512939 -4.883506084851837
-4.174756051212675 13.065806401154596
-3.164227821236536 7.804375153804452
-3.306851422602464 -0.889328269717744
-11.55940430870347 9.698794768478763
9.213641257382879 10.826378809886055
5.123331585973801 0.9246050883674974
-1.5564088151363982 -3.4944767862847432
-9.505188760189727 3.944531766555299
3.9273188416272977 1.8224233496424738
15.172429821180462 -9.413624471173845
4.284214484727769 0.49791011907793026
4.7009576473925385 4.080012621388278
-4.639246929284815 -5.0201050809102705
5.744448067849074 6.157661873209109
9.446417558818743 -2.459593445697471
6.800054744259378 -10.0417483590238
-0.6799882036858627 6.987213152863882
-2.1433635753698637 -5.6508445595560275
-7.230989866676448 6.299333561943035
6.037934195632332 11.839167909264866
-6.3305045376313425 -6.774283824758516
-0.8148179495344634 -3.6950990747366577
-4.869537104200581 -10.186899339051383
7.7686022146575455 -0.8172146360563652
4.571857684545343 7.468687389382201
1.9890744141575327 -4.18701372594333
-2.027372728496924 -12.148144337416198
-10.704254708745754 1.9919035217650753
1.3695021324555703 -5.255906405085167
-3.335447930507243 0.22756583667343122
-10.688155333952846 1.1573540605636499
16.02790170400364 -9.484683491480341
0.03199863337665798 7.917306799380313
-5.109229860553431 -3.8034374179164105
-0.45318742050345984 2.099526985716868
-1.4477250186444612 9.993867847566635
-1.9903273852169705 -6.263834312150335
12.011710412098031 5.033614205933416
0.34230874946180734 5.8615102383717606
-0.6728320953805231 -5.3631088465930095
1.8650531626716962 -3.755316954660241
-3.808689969996921 -1.1337396299938447
3.7839681549003856 2.209606959882599
-8.944451242544458 8.349050926759762
-4.895042456257833 -2.6677422355926868
-2.342472639573248 -3.8904463432448577
-7.921612042283994 11.764286658337948
-7.584427981732736 -6.8845540873081195
-11.03066448758923 -2.9873217598616995
0.7798926660350087 1.871239610245579
-3.3859713191790553 -8.367435650362864
2.3302713408968696 -2.8840187843420875
3.0736585163639756 -3.034367805974375
-4.8345852449167435 -13.135487481614867
-4.936810840980602 5.180805007874305
-5.5424328216693475 -5.6740632861998765
-7.055761722207963 10.867592469780657
7.476143164276119 10.961300803218158
6.447220722186613 -2.990800576451387
-4.852302044405558 0.388730473987712
-1.6588453041908462 4.016687919326106
4.993618678588585 0.5057618941777107
5.169565086219032 -3.0749189300121786
13.779693601478169 -8.586805296902543
-3.494118826060003 13.97079067244412
8.078106545120452 3.195127378830881
-9.31643898274077 -9.280271201238307
-3.097910200625722 -8.869277949652759
6.015317378453073 -9.767215977238745
-4.448155489819468 7.602878161825622
5.41121825789702 -4.39258633885054
-4.457256667323451 4.874703835104804
-4.477107739611764 -3.265498146481216
1.069917623617926 -3.563957933448986
8.955075071437955 7.866729905314209
14.99186376405923 0.9968389519025243
-10.75312336302692 -7.627546610678689
-1.1727321635210028 2.752523380441009
-9.660069170723107 1.1711841672932612
-3.559541760669939 -6.26418948636214
0.12640030557726112 -2.970395251920306
-2.915301359854897 8.942514117361988
6.453599336817444 -4.500829776814605
-1.7072010962532018 -0.16620457980980774
8.333341919720718 -11.62282037986349
5.784055345671508 -7.389019794576896
3.6365753903130034 0.0748864874921158
-5.903850877956868 1.1162922593930946
-2.605439419774014 -1.6593861384396722
-5.555175132674889 10.398798005180048
-4.110092947439268 -0.9983890913804065
-5.660272430192872 -6.706430519233068
-3.312596973849297 -1.6110133028205675
5.948284212507842 14.564977625635658
4.7612562896394035 0.6311148524303669
-2.662818338365893 5.911476176500361
-3.82478334654103 9.42893707976001
-1.1229332061062574 2.6544172851827397
6.355361080332115 16.19792526515032
-4.447494925771975 16.42267500210194
-7.33196919484139 -1.152837757718133
4.557961741191133 -2.686798173831027
-6.484223831129354 -0.7848773733989121
-7.02175901891587 11.332641900093723
-3.6027542987790664 -2.9152246013949688
-6.6108189885542155 6.112679128781182
-4.851840714814748 2.9071377687793585
2.4239107741210058 0.4029182686783712
3.122364791259707 1.3210129152449799
-9.587214701499235 0.6241781712526713
1.1567314999927407 0.32196044277292435
-0.6925522808223097 -2.741068704357366
-5.668609749444752 2.307162065960991
3.1559391422709027 8.452590460143423
-5.737169666666582 -4.081674954966214
9.430858122990962 -5.833106153155693
-6.870870087954312 -5.472743097638535
-3.9162301347381256 8.139322354501486
-6.613905682223004 -3.431318255976737
2.807318943146096 1.5014491541750643
-2.626606334867959 0.9629531740059132
6.598151158147386 9.02452202412676
-1.2977236235140999 2.6138042588145898
4.83313538420307 -5.670773614059243
5.901970919242441 2.9573504483389637
-8.950014671257204 -4.301259819189445
-2.6180762898012366 -0.1754301169167236
-2.937997798808668 8.931193826808915
-6.151703559151244 -0.4341850327667096
11.643272284684084 -5.026801583037056
-5.366107503582141 -3.568918134973413
-17.2901511831964 4.1022857044254195
0.05818152186303571 -0.5527273489256679
-1.022420811099972 -3.691154962117002
0.7874624752690069 -11.490111679302084
3.5140268967331796 -7.384794626561518
11.929634335360749 -12.280140952584519
2.1581481951596952 9.368495510750375
-2.1797603460221127 4.013498659891464
-3.7873431485788593 1.7808440816553128
-0.4260282019439403 7.3527061947253785
-1.2477667429531893 1.1486513922579533
0.9904237949445598 4.549426300794686
-8.01558135331064 -2.826977257413337
-7.726828536959628 -10.863688228066753
7.338085282559373 -0.6588193124888941
17.09613959452598 1.2975857636573647
10.796191160793429 1.7210877726928497
-10.496657031474578 0.35099870715295456
3.7583625792779625 -13.05716697832447
3.027741653290027 5.310135756129631
16.6046433068354 -8.491315841951558
-13.218802529092777 -10.635984837391117
-0.3485890398292306 -4.837144537566751
-2.838111324340851 6.623056835416469
5.35090479026735 8.077767157411243
6.313718992030802 12.442462878102592
3.8686878410196477 -4.379203241667687
1.4321449861361257 -4.7912374087684535
-6.408979874882933 7.3665438914165176
3.8674381688471042 -0.7590181769675386
1.463507444413126 -4.226165666796353
5.777631769895587 1.5516773768885177
-0.6526817267282699 13.460121251484802
3.23764592331451 -4.7843260105322205
13.774288857242222 -8.503306705433737
-15.381201899499956 -5.914824783481495
-6.126772604804795 -10.735378141975088
-2.26348548632553 -17.3715447861659
-5.927677759990998 -2.6362797097017863
4.7794722495501 1.7642779023745128
0.04323537714652703 -2.4271522304432858
12.404573111425535 7.884725640908853
-2.806433934685805 0.8222553794125012
6.619428438292488 3.5790404689964737
-11.159886080797396 5.0154825841703365
6.015476752598125 -0.4830798982100779
1.358866600655802 -10.538714055198875
11.732604784173889 9.009334964764552
-2.010138144465852 10.587057268501038
0.17572902685447556 8.365913223397985
