60.6088 0
-1.39334 2.0966
1.57647 -2.29745
0.381091 4.06158
-1.13016 0.0450403
3.06072 2.92925
-0.610013 -4.90962
0.00538575 2.61696
-2.70198 -0.952307
-0.0698171 -0.690161
-1.27373 -0.419186
2.02159 -7.3691
-3.67345 -0.808618
-0.176362 -0.122355
0.635708 -4.0157
2.21286 2.01985
-2.20275 -4.40263
-0.148094 -0.211713
1.93599 0.758858
-1.84457 -2.78966
1.46358 1.27202
2.92258 2.34935
1.29149 1.64026
-1.39087 -4.72658
1.86118 2.05994
-0.668537 -1.88578
-0.616982 5.8722
2.69079 3.83958
3.33954 3.12284
1.90437 -2.05165
0.188056 0.79162
0.169377 1.3014
1.90684 0.850543
1.75237 0.888058
1.40563 -4.76781
-2.27714 2.49894
-0.880129 0.650219
0.158178 -0.652279
-1.02372 -3.27398
-2.84078 1.68578
0.494287 2.34434
-1.28254 -0.0196461
-5.24652 2.66961
-1.21139 -1.90065
1.13825 -1.07009
1.66599 -0.125455
1.97685 -0.279983
3.7353 -1.79088
-3.03281 2.14662
-3.37625 1.94922
-2.66964 1.20344
1.65138 2.84068
0.683706 0.36525
1.04596 0.998906
-0.410375 -0.859489
0.925263 -2.84509
-2.317 -2.63137
1.83264 -0.426534
-2.76289 -2.41049
-2.96414 1.74036
2.18842 3.59004
1.02467 2.86665
-1.43129 1.97951
-0.390897 1.72723
-7.16119 -4.14971e-15
-0.390897 -1.72723
-1.43129 -1.97951
1.02467 -2.86665
2.18842 -3.59004
-2.96414 -1.74036
-2.76289 2.41049
1.83264 0.426534
-2.317 2.63137
0.925263 2.84509
-0.410375 0.859489
1.04596 -0.998906
0.683706 -0.36525
1.65138 -2.84068
-2.66964 -1.20344
-3.37625 -1.94922
-3.03281 -2.14662
3.7353 1.79088
1.97685 0.279983
1.66599 0.125455
1.13825 1.07009
-1.21139 1.90065
-5.24652 -2.66961
-1.28254 0.0196461
0.494287 -2.34434
-2.84078 -1.68578
-1.02372 3.27398
0.158178 0.652279
-0.880129 -0.650219
-2.27714 -2.49894
1.40563 4.76781
1.75237 -0.888058
1.90684 -0.850543
0.169377 -1.3014
0.188056 -0.79162
1.90437 2.05165
3.33954 -3.12284
2.69079 -3.83958
-0.616982 -5.8722
-0.668537 1.88578
1.86118 -2.05994
-1.39087 4.72658
1.29149 -1.64026
2.92258 -2.34935
1.46358 -1.27202
-1.84457 2.78966
1.93599 -0.758858
-0.148094 0.211713
-2.20275 4.40263
2.21286 -2.01985
0.635708 4.0157
-0.176362 0.122355
-3.67345 0.808618
2.02159 7.3691
-1.27373 0.419186
-0.0698171 0.690161
-2.70198 0.952307
0.00538575 -2.61696
-0.610013 4.90962
3.06072 -2.92925
-1.13016 -0.0450403
0.381091 -4.06158
1.57647 2.29745
-1.39334 -2.0966
