61.7132 0
3.54163 -4.79889
1.00729 -2.20223
0.17838 3.6099
-3.96606 5.12915
4.07685 -4.03856
1.27495 -0.619599
1.25262 -0.39537
4.54034 1.49147
7.82608 -1.59621
-3.59129 2.76938
1.78126 -1.99618
-1.21069 1.32931
-0.694057 0.557961
0.834574 1.35172
-6.32467 1.16702
-2.22271 -3.00442
0.630563 -1.83203
-0.0714537 -0.138567
-6.31929 -1.82705
2.95241 -1.23007
1.72994 -0.0600527
3.94368 -1.53691
2.08778 0.601488
-0.0852093 -2.64921
-1.75494 -3.27334
-0.735821 -1.63949
0.906187 -3.21496
-1.33599 6.5438
0.560568 -1.89797
0.683077 1.33334
-1.58016 -1.96744
-0.0728748 -0.154163
4.37492 -3.49832
0.230275 -1.77761
-0.290568 2.79404
-2.71519 0.441694
0.347358 -0.412707
-2.13765 0.23968
3.43824 0.380494
-0.272058 -0.462547
0.375479 2.07298
2.58574 -3.05554
-1.20145 -0.796262
2.26899 0.113518
3.63436 -1.44371
-2.36312 2.38193
1.84493 0.254936
-5.17806 0.968754
-0.996158 3.71606
-1.00189 -0.44046
2.55351 2.21193
0.0748412 -0.632925
-1.94468 -3.29663
-0.537078 -3.48155
-4.83086 -1.05738
2.32235 2.82644
1.14191 3.31975
-2.38629 -2.91562
0.959501 -0.603596
-0.457283 -1.28655
0.092581 -2.5052
-2.74162 1.50638
3.78431 1.29375
2.38473 7.81202e-14
3.78431 -1.29375
-2.74162 -1.50638
0.092581 2.5052
-0.457283 1.28655
0.959501 0.603596
-2.38629 2.91562
1.14191 -3.31975
2.32235 -2.82644
-4.83086 1.05738
-0.537078 3.48155
-1.94468 3.29663
0.0748412 0.632925
2.55351 -2.21193
-1.00189 0.44046
-0.996158 -3.71606
-5.17806 -0.968754
1.84493 -0.254936
-2.36312 -2.38193
3.63436 1.44371
2.26899 -0.113518
-1.20145 0.796262
2.58574 3.05554
0.375479 -2.07298
-0.272058 0.462547
3.43824 -0.380494
-2.13765 -0.23968
0.347358 0.412707
-2.71519 -0.441694
-0.290568 -2.79404
0.230275 1.77761
4.37492 3.49832
-0.0728748 0.154163
-1.58016 1.96744
0.683077 -1.33334
0.560568 1.89797
-1.33599 -6.5438
0.906187 3.21496
-0.735821 1.63949
-1.75494 3.27334
-0.0852093 2.64921
2.08778 -0.601488
3.94368 1.53691
1.72994 0.0600527
2.95241 1.23007
-6.31929 1.82705
-0.0714537 0.138567
0.630563 1.83203
-2.22271 3.00442
-6.32467 -1.16702
0.834574 -1.35172
-0.694057 -0.557961
-1.21069 -1.32931
1.78126 1.99618
-3.59129 -2.76938
7.82608 1.59621
4.54034 -1.49147
1.25262 0.39537
1.27495 0.619599
4.07685 4.03856
-3.96606 -5.12915
0.17838 -3.6099
1.00729 2.20223
3.54163 4.79889
