0 15.6276
0.125 2.50622
0.25 0.122111
0.375 0.480545
0.5 0.548216
0.625 0.267917
0.75 0.423482
0.875 0.399761
1 2.79498
1.125 0.0985267
1.25 0.270391
1.375 0.193756
1.5 0.385617
1.625 0.152966
1.75 0.0833961
1.875 0.127474
2 0.165938
2.125 0.060594
2.25 0.120785
2.375 0.0782333
2.5 0.0898152
2.625 0.113363
2.75 0.146052
2.875 0.185466
3 0.36748
3.125 0.194807
3.25 0.139272
3.375 0.0736764
3.5 0.123347
3.625 0.0686084
3.75 0.0302226
3.875 0.0532205
4 0.0394181
4.125 0.0537791
4.25 0.0996803
4.375 0.0390983
4.5 0.025237
4.625 0.0508891
4.75 0.0880007
4.875 0.0957918
5 0.0638134
5.125 0.127881
5.25 0.0816206
5.375 0.0410345
5.5 0.0664244
5.625 0.0286337
5.75 0.0236211
5.875 0.0815741
6 0.0728771
6.125 0.0264198
6.25 0.0187286
6.375 0.0254911
6.5 0.0410618
6.625 0.0805017
6.75 0.0255915
6.875 0.0527958
7 0.0328895
7.125 0.0187164
7.25 0.0486231
7.375 0.0330603
7.5 0.0291499
7.625 0.038882
7.75 0.0237607
7.875 0.0398198
8 0.0408201
8.125 0.0666798
8.25 0.00596676
8.375 0.0205085
8.5 0.0244713
8.625 0.0444736
8.75 0.0404565
8.875 0.0383962
9 0.00504533
9.125 0.0481942
9.25 0.0166695
9.375 0.02526
9.5 0.0339792
9.625 0.011266
9.75 0.0228432
9.875 0.0219795
10 0.0418668
10.125 0.0276649
10.25 0.0212238
10.375 0.0222152
10.5 0.0189906
10.625 0.0576591
10.75 0.0203603
10.875 0.0109709
11 0.0158242
11.125 0.0191032
11.25 0.0314505
11.375 0.0173847
11.5 0.036416
11.625 0.0224305
11.75 0.0118097
11.875 0.0420039
12 0.0304688
12.125 0.0420039
12.25 0.0118097
12.375 0.0224305
12.5 0.036416
12.625 0.0173847
12.75 0.0314505
12.875 0.0191032
13 0.0158242
13.125 0.0109709
13.25 0.0203603
13.375 0.0576591
13.5 0.0189906
13.625 0.0222152
13.75 0.0212238
13.875 0.0276649
14 0.0418668
14.125 0.0219795
14.25 0.0228432
14.375 0.011266
14.5 0.0339792
14.625 0.02526
14.75 0.0166695
14.875 0.0481942
15 0.00504533
15.125 0.0383962
15.25 0.0404565
15.375 0.0444736
15.5 0.0244713
15.625 0.0205085
15.75 0.00596676
15.875 0.0666798
16 0.0408201
16.125 0.0398198
16.25 0.0237607
16.375 0.038882
16.5 0.0291499
16.625 0.0330603
16.75 0.0486231
16.875 0.0187164
17 0.0328895
17.125 0.0527958
17.25 0.0255915
17.375 0.0805017
17.5 0.0410618
17.625 0.0254911
17.75 0.0187286
17.875 0.0264198
18 0.0728771
18.125 0.0815741
18.25 0.0236211
18.375 0.0286337
18.5 0.0664244
18.625 0.0410345
18.75 0.0816206
18.875 0.127881
19 0.0638134
19.125 0.0957918
19.25 0.0880007
19.375 0.0508891
19.5 0.025237
19.625 0.0390983
19.75 0.0996803
19.875 0.0537791
20 0.0394181
20.125 0.0532205
20.25 0.0302226
20.375 0.0686084
20.5 0.123347
20.625 0.0736764
20.75 0.139272
20.875 0.194807
21 0.36748
21.125 0.185466
21.25 0.146052
21.375 0.113363
21.5 0.0898152
21.625 0.0782333
21.75 0.120785
21.875 0.060594
22 0.165938
22.125 0.127474
22.25 0.0833961
22.375 0.152966
22.5 0.385617
22.625 0.193756
22.75 0.270391
22.875 0.0985267
23 2.79498
23.125 0.399761
23.25 0.423482
23.375 0.267917
23.5 0.548216
23.625 0.480545
23.75 0.122111
23.875 2.50622
