9.906629
8.2766285
7.4166284
6.866628
6.4366283
6.236628
6.116628
5.836628
5.2266283
4.1066284
4.026628
7.1266284
10.126628
11.296628
12.286628
13.296628
14.136628
14.706628
13.866629
13.666628
14.796628
14.5266285
13.336628
12.966628
11.816628
9.696629
8.656629
7.7066283
6.946628
6.1466284
5.406628
4.7666283
4.2266283
3.7666283
4.796628
9.236629
10.826628
13.0266285
14.246628
15.286628
16.266628
17.13663
17.63663
18.296629
18.536629
17.176628
15.836628
13.546628
12.156629
13.826628
12.916628
12.116629
11.406629
10.866629
10.496628
10.176628
9.916628
9.806628
10.096628
10.956628
12.236629
14.546628
16.586628
18.096628
19.546629
20.516628
19.726627
19.646627
19.566628
19.336628
19.826628
19.866629
18.666628
16.046629
14.166628
12.636628
11.2766285
10.786628
10.836628
10.406629
10.126628
9.866629
10.646628
11.806628
14.256628
18.066628
20.406628
22.046629
23.38663
24.466629
25.306627
24.776628
25.226627
26.016628
25.716629
24.446629
23.166628
20.206629
18.456629
16.896627
16.096628
15.646628
15.256628
14.946629
14.716628
14.716628
15.266628
15.5266285
16.006628
17.876629
20.656628
23.256628
24.716629
22.736628
24.846628
26.13663
26.726627
26.836628
26.566628
25.63663
24.696629
22.456629
20.616629
18.946629
17.586628
17.156628
16.576628
15.966629
15.486629
15.126628
15.616629
16.646627
18.356628
20.88663
22.986628
24.976627
23.356628
23.416628
24.906628
25.756628
24.806627
24.106628
22.996628
21.516628
20.086628
18.496628
17.63663
16.816628
15.736629
14.766628
13.906629
13.006628
12.166628
11.476628
12.496628
15.906628
15.716628
16.016628
15.836628
15.586628
14.946629
15.386628
15.686628
16.116629
16.406628
16.346628
17.076628
16.436628
15.466628
13.876628
13.246628
12.636628
11.766628
10.676628
9.786628
8.946629
8.126628
7.2866282
7.3766284
11.706628
15.346628
17.526628
18.316628
19.146627
19.936628
20.546629
20.976627
21.176628
21.106628
20.826628
20.326628
19.256628
