1.49012e-06
0.00352916
0.0505869
0.0662765
0.0144374
0.0896743
0.139832
0.17566
0.20253
0.22343
0.240149
0.253829
0.265228
0.274874
0.163645
0.0485686
0.0521229
0.140968
0.219942
0.290603
0.354198
0.411736
0.464043
0.511802
0.555581
0.595858
0.633036
0.667455
0.699421
0.729182
0.756959
0.782945
0.807306
0.83019
0.851729
0.872037
0.891216
0.909359
0.926547
0.942853
0.958344
0.97308
0.987114
1.00049
1.01327
1.02547
1.03715
1.04832
1.05904
1.06931
1.07918
1.08865
1.07675
0.938509
0.805388
0.677109
0.55341
0.434052
0.31881
0.207474
0.0998499
0.0042459
0.104984
0.202524
0.297015
0.3886
0.477409
0.563567
0.647191
0.728391
0.807271
0.883929
0.958458
1.03094
1.10147
1.17012
1.23696
1.30206
1.3655
1.42733
1.48761
1.54641
1.60377
1.65975
1.71439
1.76775
1.81987
1.87079
1.92056
1.9692
2.01677
2.06328
2.10879
2.15332
2.1969
2.23957
2.28134
2.32226
2.36234
2.40161
2.44009
2.47781
2.51479
2.55106
2.58662
2.62151
2.65574
2.68934
2.7223
2.75467
2.78644
2.81765
2.84829
2.8784
2.90797
2.93703
2.96559
2.99367
3.02126
3.04839
3.07507
3.10131
3.12712
3.15251
3.17749
3.20207
3.22626
3.25007
3.27351
3.29658
3.3193
3.34167
3.3637
3.3854
3.40678
3.42784
3.44859
3.46904
3.48919
3.50906
3.52863
3.54794
3.56696
3.58573
3.60423
3.62247
3.64047
3.65822
3.67574
3.69301
3.71006
3.72688
3.74348
3.75986
3.77603
3.79199
3.80775
3.8233
3.83866
3.85383
3.86881
3.8836
3.8982
3.91263
3.92688
3.94096
3.95487
3.96862
3.9822
3.99561
4.00888
4.02198
4.03494
4.04774
4.0604
4.07291
4.08528
4.09751
4.1096
4.12156
4.13338
4.14508
4.15664
4.16808
4.1794
4.19059
4.20166
4.21261
4.22345
4.23417
4.24478
4.25528
4.26567
4.27595
4.28613
4.2962
4.30617
4.31603
4.3258
4.33547
4.34504
4.35452
4.36391
4.3732
4.3824
4.39151
4.40053
4.40946
4.41831
4.42708
4.43576
4.44435
4.45287
4.46131
4.46967
4.47795
4.48615
4.49428
4.50233
4.51031
4.46598
4.33265
4.20052
4.06958
3.93981
3.81118
3.6837
3.55734
3.43209
3.30793
3.18485
3.06284
2.94188
2.82196
2.70306
2.58518
2.46829
2.35239
2.23746
2.1235
2.01049
1.89841
1.78726
1.67702
1.56769
1.45925
1.35169
1.24501
1.13918
1.0342
0.930066
0.826759
0.724272
0.622595
0.521718
0.421633
0.32233
0.2238
0.126033
0.0290212
0.0672442
0.162772
0.257571
0.351648
0.445013
0.537674
0.629637
0.720912
0.811505
0.901426
0.990679
1.07927
1.16722
1.25452
1.34118
1.42721
1.51262
1.59741
1.6816
1.76517
1.84816
1.93055
2.01235
2.09358
2.17424
2.25433
2.33386
2.41283
2.49126
2.56915
2.64649
2.72331
2.7996
2.87537
2.95062
3.02537
3.09961
3.17334
3.24659
3.31934
3.39161
3.4634
3.53471
3.60556
3.67593
3.74585
3.81531
3.88431
3.95287
4.02098
4.08866
4.15589
4.2227
4.28908
4.35504
4.42058
4.48571
4.55042
4.61473
4.67863
4.74214
4.80524
4.86796
4.93029
4.99223
5.05379
5.11498
5.17579
5.23623
5.2963
5.35601
5.41536
5.47435
5.53298
5.59127
5.6492
5.7068
5.76405
5.82096
5.87753
5.93377
5.98969
6.04527
6.10053
6.15547
6.2101
6.2644
6.3184
6.37208
6.42545
6.47852
6.53129
6.58376
6.63593
6.68781
6.73939
6.79068
6.84169
6.89241
6.94285
6.99301
7.04289
7.0925
7.14183
7.19089
7.23968
7.28821
7.33647
7.38447
7.4322
7.47968
7.52691
7.57388
7.6206
7.66707
7.71329
7.75926
7.805
7.85048
7.89573
7.94075
7.98552
8.03006
8.07437
8.11845
8.16229
8.20591
8.24931
8.29248
8.33543
8.37816
8.42067
8.46296
8.50504
8.54691
8.58856
8.63
8.67124
8.71226
8.75308
