0 0
0.04 0.025076
0.08 0.0493755
0.12 0.0729008
0.16 0.0956548
0.2 0.117641
0.24 0.138863
0.28 0.159326
0.32 0.179035
0.36 0.197995
0.4 0.216213
0.44 0.233694
0.48 0.250446
0.52 0.266477
0.56 0.281794
0.6 0.296405
0.64 0.310319
0.68 0.323545
0.72 0.336092
0.76 0.347969
0.8 0.359186
0.84 0.369754
0.88 0.379683
0.92 0.388983
0.96 0.397666
1 0.405742
1.04 0.413222
1.08 0.420118
1.12 0.426442
1.16 0.432206
1.2 0.43742
1.24 0.442098
1.28 0.446251
1.32 0.449891
1.36 0.453031
1.4 0.455683
1.44 0.45786
1.48 0.459573
1.52 0.460836
1.56 0.46166
1.6 0.462059
1.64 0.462044
1.68 0.461629
1.72 0.460825
1.76 0.459645
1.8 0.458101
1.84 0.456206
1.88 0.453972
1.92 0.451411
1.96 0.448534
2 0.445355
2.04 0.441885
2.08 0.438135
2.12 0.434118
2.16 0.429845
2.2 0.425326
2.24 0.420575
2.28 0.415601
2.32 0.410416
2.36 0.405031
2.4 0.399455
2.44 0.393701
2.48 0.387778
2.52 0.381696
2.56 0.375466
2.6 0.369098
2.64 0.3626
2.68 0.355983
2.72 0.349256
2.76 0.342428
2.8 0.335509
2.84 0.328506
2.88 0.321428
2.92 0.314285
2.96 0.307083
3 0.299832
3.04 0.292538
3.08 0.28521
3.12 0.277854
3.16 0.270479
3.2 0.263091
3.24 0.255696
3.28 0.248302
3.32 0.240915
3.36 0.233541
3.4 0.226186
3.44 0.218856
3.48 0.211557
3.52 0.204293
3.56 0.197071
3.6 0.189895
3.64 0.18277
3.68 0.1757
3.72 0.168691
3.76 0.161746
3.8 0.15487
3.84 0.148066
3.88 0.141339
3.92 0.134691
3.96 0.128126
4 0.121647
4.04 0.115258
4.08 0.108961
4.12 0.102759
4.16 0.096654
4.2 0.0906491
4.24 0.0847461
4.28 0.0789472
4.32 0.0732542
4.36 0.067669
4.4 0.0621931
4.44 0.0568279
4.48 0.0515749
4.52 0.0464352
4.56 0.0414098
4.6 0.0364997
4.64 0.0317057
4.68 0.0270284
4.72 0.0224684
4.76 0.0180261
4.8 0.0137019
4.84 0.00949589
4.88 0.00540823
4.92 0.0014389
4.96 -0.00241223
5 -0.00614536
5.04 -0.0097608
5.08 -0.0132589
5.12 -0.0166403
5.16 -0.0199055
5.2 -0.023055
5.24 -0.0260898
5.28 -0.0290106
5.32 -0.0318183
5.36 -0.0345138
5.4 -0.0370983
5.44 -0.0395728
5.48 -0.0419384
5.52 -0.0441964
5.56 -0.046348
5.6 -0.0483947
5.64 -0.0503377
5.68 -0.0521785
5.72 -0.0539186
5.76 -0.0555595
5.8 -0.0571028
5.84 -0.05855
5.88 -0.0599029
5.92 -0.061163
5.96 -0.062332
6 -0.0634117
6.04 -0.0644039
6.08 -0.0653103
6.12 -0.0661326
6.16 -0.0668728
6.2 -0.0675326
6.24 -0.068114
6.28 -0.0686186
6.32 -0.0690485
6.36 -0.0694055
6.4 -0.0696914
6.44 -0.0699083
6.48 -0.0700578
6.52 -0.0701421
6.56 -0.0701628
6.6 -0.0701221
6.64 -0.0700216
6.68 -0.0698634
6.72 -0.0696492
6.76 -0.069381
6.8 -0.0690606
6.84 -0.0686899
6.88 -0.0682707
6.92 -0.0678048
6.96 -0.067294
7 -0.0667401
7.04 -0.066145
7.08 -0.0655103
7.12 -0.0648379
7.16 -0.0641293
7.2 -0.0633864
7.24 -0.0626108
7.28 -0.0618042
7.32 -0.0609681
7.36 -0.0601043
7.4 -0.0592143
7.44 -0.0582996
7.48 -0.0573618
7.52 -0.0564024
7.56 -0.0554229
7.6 -0.0544248
7.64 -0.0534094
7.68 -0.0523782
7.72 -0.0513326
7.76 -0.0502738
7.8 -0.0492032
7.84 -0.0481222
7.88 -0.0470318
7.92 -0.0459334
7.96 -0.0448282
8 -0.0437174
8.04 -0.0426019
8.08 -0.0414831
8.12 -0.0403619
8.16 -0.0392394
8.2 -0.0381166
8.24 -0.0369944
8.28 -0.035874
8.32 -0.0347561
8.36 -0.0336416
8.4 -0.0325315
8.44 -0.0314265
8.48 -0.0303275
8.52 -0.0292352
8.56 -0.0281504
8.6 -0.0270738
8.64 -0.0260061
8.68 -0.0249479
8.72 -0.0238999
8.76 -0.0228627
8.8 -0.0218369
8.84 -0.0208229
8.88 -0.0198214
8.92 -0.0188329
8.96 -0.0178577
9 -0.0168963
9.04 -0.0159492
9.08 -0.0150168
9.12 -0.0140994
9.16 -0.0131973
9.2 -0.012311
9.24 -0.0114406
9.28 -0.0105865
9.32 -0.00974886
9.36 -0.00892799
9.4 -0.00812407
9.44 -0.00733729
9.48 -0.00656782
9.52 -0.0058158
9.56 -0.00508136
9.6 -0.00436461
9.64 -0.00366564
9.68 -0.00298452
9.72 -0.00232131
9.76 -0.00167605
9.8 -0.00104874
9.84 -0.00043941
9.88 0.000151967
9.92 0.000725415
9.96 0.00128097
10 0.0018187
10.04 0.00233867
10.08 0.00284095
10.12 0.00332565
10.16 0.00379288
10.2 0.00424275
10.24 0.00467539
10.28 0.00509096
10.32 0.00548959
10.36 0.00587146
10.4 0.00623674
10.44 0.00658561
10.48 0.00691826
10.52 0.00723489
10.56 0.00753571
10.6 0.00782093
10.64 0.00809077
10.68 0.00834547
10.72 0.00858525
10.76 0.00881036
10.8 0.00902104
10.84 0.00921755
10.88 0.00940014
10.92 0.00956907
10.96 0.0097246
11 0.00986701
11.04 0.00999656
11.08 0.0101135
11.12 0.0102182
11.16 0.0103108
11.2 0.0103917
11.24 0.0104612
11.28 0.0105195
11.32 0.0105668
11.36 0.0106036
11.4 0.0106301
11.44 0.0106465
11.48 0.0106532
11.52 0.0106504
11.56 0.0106385
11.6 0.0106177
11.64 0.0105882
11.68 0.0105505
11.72 0.0105048
11.76 0.0104513
11.8 0.0103903
11.84 0.0103222
11.88 0.0102471
11.92 0.0101654
11.96 0.0100773
12 0.00998316
12.04 0.00988315
12.08 0.00977756
12.12 0.00966666
12.16 0.0095507
12.2 0.00942994
12.24 0.00930462
12.28 0.009175
12.32 0.0090413
12.36 0.00890378
12.4 0.00876266
12.44 0.00861818
12.48 0.00847056
12.52 0.00832003
12.56 0.00816681
12.6 0.0080111
12.64 0.00785312
12.68 0.00769307
12.72 0.00753116
12.76 0.00736758
12.8 0.00720253
12.84 0.00703619
12.88 0.00686874
12.92 0.00670037
12.96 0.00653124
13 0.00636153
13.04 0.00619141
13.08 0.00602103
13.12 0.00585054
13.16 0.00568011
13.2 0.00550987
13.24 0.00533997
13.28 0.00517055
13.32 0.00500173
13.36 0.00483365
13.4 0.00466643
13.44 0.00450019
13.48 0.00433505
13.52 0.00417111
13.56 0.00400848
13.6 0.00384727
13.64 0.00368756
13.68 0.00352946
13.72 0.00337305
13.76 0.00321842
13.8 0.00306565
13.84 0.00291481
13.88 0.00276599
13.92 0.00261923
13.96 0.00247462
14 0.00233222
14.04 0.00219207
14.08 0.00205424
14.12 0.00191877
14.16 0.00178571
14.2 0.00165511
14.24 0.001527
14.28 0.00140141
14.32 0.00127839
14.36 0.00115797
14.4 0.00104016
14.44 0.00092499
14.48 0.000812486
14.52 0.000702662
14.56 0.000595533
14.6 0.000491111
14.64 0.000389405
14.68 0.000290422
14.72 0.000194166
14.76 0.000100637
14.8 9.83642e-06
14.84 -7.82403e-05
14.88 -0.000163598
14.92 -0.000246245
14.96 -0.000326191
15 -0.000403448
15.04 -0.000478029
15.08 -0.00054995
15.12 -0.000619229
15.16 -0.000685886
15.2 -0.000749941
15.24 -0.000811416
15.28 -0.000870337
15.32 -0.000926728
15.36 -0.000980618
15.4 -0.00103203
15.44 -0.00108101
15.48 -0.00112757
15.52 -0.00117175
15.56 -0.00121358
15.6 -0.0012531
15.64 -0.00129034
15.68 -0.00132534
15.72 -0.00135813
15.76 -0.00138876
15.8 -0.00141726
15.84 -0.00144367
15.88 -0.00146804
15.92 -0.00149039
15.96 -0.00151078
16 -0.00152924
16.04 -0.00154582
16.08 -0.00156056
16.12 -0.0015735
16.16 -0.00158468
16.2 -0.00159415
16.24 -0.00160195
16.28 -0.00160812
16.32 -0.00161272
16.36 -0.00161577
16.4 -0.00161733
16.44 -0.00161743
16.48 -0.00161613
16.52 -0.00161346
16.56 -0.00160948
16.6 -0.00160421
16.64 -0.00159771
16.68 -0.00159002
16.72 -0.00158118
16.76 -0.00157123
16.8 -0.00156022
16.84 -0.00154818
16.88 -0.00153516
16.92 -0.0015212
16.96 -0.00150634
17 -0.00149061
17.04 -0.00147407
17.08 -0.00145674
17.12 -0.00143867
17.16 -0.00141989
17.2 -0.00140045
17.24 -0.00138038
17.28 -0.00135971
17.32 -0.00133848
17.36 -0.00131672
17.4 -0.00129448
17.44 -0.00127179
17.48 -0.00124867
17.52 -0.00122516
17.56 -0.0012013
17.6 -0.00117711
17.64 -0.00115263
17.68 -0.00112788
17.72 -0.0011029
17.76 -0.00107771
17.8 -0.00105235
17.84 -0.00102683
17.88 -0.00100119
17.92 -0.000975453
17.96 -0.000949642
18 -0.000923784
18.04 -0.000897901
18.08 -0.000872018
18.12 -0.000846156
18.16 -0.000820338
18.2 -0.000794584
18.24 -0.000768915
18.28 -0.000743351
18.32 -0.000717911
18.36 -0.000692613
18.4 -0.000667474
18.44 -0.000642513
18.48 -0.000617745
18.52 -0.000593185
18.56 -0.00056885
18.6 -0.000544753
18.64 -0.000520908
18.68 -0.000497328
18.72 -0.000474026
18.76 -0.000451013
18.8 -0.000428302
18.84 -0.000405902
18.88 -0.000383823
18.92 -0.000362076
18.96 -0.000340669
19 -0.00031961
19.04 -0.000298907
19.08 -0.000278568
19.12 -0.000258599
19.16 -0.000239006
19.2 -0.000219796
19.24 -0.000200972
19.28 -0.000182541
19.32 -0.000164506
19.36 -0.000146871
19.4 -0.000129639
19.44 -0.000112812
19.48 -9.63948e-05
19.52 -8.03875e-05
19.56 -6.47921e-05
19.6 -4.96099e-05
19.64 -3.48414e-05
19.68 -2.04872e-05
19.72 -6.54716e-06
19.76 6.97902e-06
19.8 2.00921e-05
19.84 3.2793e-05
19.88 4.50832e-05
19.92 5.69644e-05
19.96 6.84386e-05
20 7.9508e-05
