2.92893 0.312681
3.42893 0.39514
3.92893 0.463391
4.42893 0.518274
4.92893 0.560627
5.42893 0.591289
5.92893 0.611098
6.42893 0.620894
6.92893 0.621516
7.42893 0.613801
7.92893 0.598589
8.42893 0.576719
8.92893 0.549029
9.42893 0.516358
9.92893 0.479545
10.4289 0.439429
10.9289 0.396848
11.4289 0.352641
11.9289 0.307647
12.4289 0.262705
12.9289 0.218653
13.4289 0.176331
13.9289 0.136576
14.4289 0.100229
14.9289 0.0681265
15.4289 0.0411089
15.9289 0.0200141
16.4289 0.00568122
16.9289 -0.00105083
