0 0
0.5 -0.373958
1 -0.478166
1.5 -0.429775
2 -0.309325
2.5 -0.169382
3 -0.0416307
3.5 0.0573814
4 0.121647
4.5 0.152094
5 0.153809
5.5 0.133965
6 0.100325
6.5 0.0602159
7 0.0198857
7.5 -0.0158479
8 -0.0437174
8.5 -0.0619604
9 -0.0701588
9.5 -0.0690038
10 -0.0600218
10.5 -0.045289
11 -0.0271566
11.5 -0.00800192
12 0.00998316
12.5 0.0249589
13 0.0355564
13.5 0.0409485
14 0.0408733
14.5 0.0356165
15 0.0259563
15.5 0.0130787
16 -0.00152924
16.5 -0.0162016
17 -0.0292218
17.5 -0.0389505
18 -0.0439448
18.5 -0.0430641
19 -0.0355553
19.5 -0.0211145
