0.0308267 0.0193939
0.530827 0.269008
1.03083 0.282805
1.53083 0.45165
2.03083 0.303766
2.53083 0.399881
3.03083 0.199095
3.53083 0.212655
4.03083 0.16266
4.53083 -0.0496058
5.03083 0.131608
5.53083 -0.477387
6.03083 1.57586
6.53083 -3.5004
7.03083 -8.52977
7.53083 7.89779
8.03083 9.09447
8.53083 173.633
9.03083 -355.337
9.53083 -91.8622
10.0308 515.021
10.5308 2187.52
11.0308 -2368.49
11.5308 -21203.2
12.0308 -70209.1
12.5308 87800.4
13.0308 25839.8
13.5308 95219.1
14.0308 383345
14.5308 -285511
15.0308 -2.43703e+06
15.5308 -2.31116e+06
16.0308 1.12189e+07
16.5308 1.73312e+07
17.0308 2.5605e+07
17.5308 4.44619e+07
18.0308 1.10626e+08
18.5308 4.19013e+08
19.0308 -4.43925e+08
19.5308 -2.57477e+08
