0 0
0.5 0
1 0.406327
1.5 0.406327
2 0.445663
2.5 0.445663
3 0.299767
3.5 0.299767
4 0.121647
4.5 0.121647
5 -0.00629761
5.5 -0.00629761
6 -0.0638295
6.5 -0.0638295
7 -0.0670891
7.5 -0.0670891
8 -0.0437174
8.5 -0.0437174
9 -0.016717
9.5 -0.016717
10 0.0018187
10.5 0.0018187
11 0.00966469
11.5 0.00966469
12 0.00998316
12.5 0.00998316
13 0.00688779
13.5 0.00688779
14 0.00310572
14.5 0.00310572
15 -2.57818e-05
15.5 -2.57818e-05
16 -0.00152924
16.5 -0.00152924
17 -0.000625874
17.5 -0.000625874
18 0.00165271
18.5 0.00165271
19 0.00143307
19.5 0.00143307
