0 0
0.5 -0.13762
1 -0.233542
1.5 -0.294835
2 -0.327823
2.5 -0.33813
3 -0.330723
3.5 -0.309959
4 -0.279624
4.5 -0.242975
5 -0.20278
5.5 -0.161358
6 -0.120612
6.5 -0.0820676
7 -0.0469075
7.5 -0.0160037
8 0.01005
8.5 0.0309077
9 0.0464419
9.5 0.0567154
10 0.0619549
10.5 0.0625251
11 0.0589049
11.5 0.0516645
12 0.0414436
12.5 0.0289312
13 0.0148469
13.5 -7.71933e-05
14 -0.0151128
14.5 -0.0295503
15 -0.0427129
15.5 -0.053969
16 -0.0627436
16.5 -0.0685279
17 -0.0708884
17.5 -0.0694739
18 -0.064022
18.5 -0.0543635
