0 0
1 0.405742
2 0.445355
3 0.299832
4 0.121647
5 -0.00614536
6 -0.0634117
7 -0.0667401
8 -0.0437174
9 -0.0168963
10 0.0018187
11 0.00986701
12 0.00998316
13 0.00636153
14 0.00233222
15 -0.000403448
16 -0.00152924
17 -0.00149061
18 -0.000923784
19 -0.00031961
20 7.9508e-05
0.0308267 0.0193939
0.276301 0.157465
0.761205 0.348316
1.4736 0.459329
2.39594 0.40003
3.50552 0.206918
4.77501 0.0163891
6.17317 -0.0670988
7.66555 -0.0527526
9.21541 -0.0119738
10.7846 0.00894158
12.3345 0.00899204
13.8268 0.00296424
15.225 -0.000788642
16.4945 -0.00161532
17.6041 -0.00117464
18.5264 -0.000589275
19.2388 -0.000201534
19.7237 -5.2789e-06
19.9692 7.10128e-05
