0 0
0.5 0
1 0.404693
1.5 0.404693
2 0.458488
2.5 0.458488
3 0.346339
3.5 0.346339
4 0.186871
4.5 0.186871
5 0.047639
5.5 0.047639
6 -0.0413484
6.5 -0.0413484
7 -0.0758564
7.5 -0.0758564
8 -0.0673866
8.5 -0.0673866
9 -0.0348832
9.5 -0.0348832
10 0.0018187
10.5 0.0018187
11 0.0268042
11.5 0.0268042
12 0.0311476
12.5 0.0311476
13 0.0142393
13.5 0.0142393
14 -0.0166278
14.5 -0.0166278
15 -0.0484147
15.5 -0.0484147
16 -0.0662335
16.5 -0.0662335
17 -0.0589868
17.5 -0.0589868
18 -0.0267481
18.5 -0.0267481
