1.33975 0.451503
1.83975 0.412099
2.33975 0.372714
2.83975 0.333906
3.33975 0.296155
3.83975 0.259868
4.33975 0.225381
4.83975 0.192968
5.33975 0.162837
5.83975 0.135143
6.33975 0.109985
6.83975 0.0874133
7.33975 0.0674352
7.83975 0.0500155
8.33975 0.0350831
8.83975 0.022534
9.33975 0.0122362
9.83975 0.00403303
10.3397 -0.00225205
10.8397 -0.00681172
11.3397 -0.00985058
11.8397 -0.011581
12.3397 -0.0122191
12.8397 -0.0119804
13.3397 -0.0110761
13.8397 -0.00970844
14.3397 -0.0080671
14.8397 -0.00632463
15.3397 -0.00463278
15.8397 -0.00311787
16.3397 -0.0018772
16.8397 -0.000974406
17.3397 -0.00043586
17.8397 -0.00024615
18.3397 -0.000344072
