0.489435 0.254292
0.989435 0.065691
1.48943 -0.0674429
1.98943 -0.129386
2.48943 -0.126604
2.98943 -0.0766808
3.48943 -0.000702574
3.98943 0.0816126
4.48943 0.154675
4.98943 0.208204
5.48943 0.237291
5.98943 0.241725
6.48943 0.224889
6.98943 0.192482
7.48943 0.151247
7.98943 0.107851
8.48943 0.0680031
8.98943 0.0358518
9.48943 0.0136942
9.98943 0.00196031
10.4894 -0.000549247
10.9894 0.00375469
11.4894 0.0117947
11.9894 0.0204052
12.4894 0.0268852
12.9894 0.0294333
13.4894 0.0274326
13.9894 0.0215011
14.4894 0.0133335
14.9894 0.00528807
15.4894 -0.000192124
15.9894 -0.00127392
16.4894 0.00257302
16.9894 0.010097
17.4894 0.0181987
17.9894 0.0225732
18.4894 0.0194542
18.9894 0.00887766
19.4894 -5.55398e-05
