0 0
0.2 0.117641
0.4 0.216213
0.6 0.296405
0.8 0.359186
1 0.405742
1.2 0.43742
1.4 0.455683
1.6 0.462059
1.8 0.458101
2 0.445355
2.2 0.425326
2.4 0.399455
2.6 0.369098
2.8 0.335509
3 0.299832
3.2 0.263091
3.4 0.226186
3.6 0.189895
3.8 0.15487
4 0.121647
4.2 0.0906491
4.4 0.0621931
4.6 0.0364997
4.8 0.0137019
5 -0.00614536
5.2 -0.023055
5.4 -0.0370983
5.6 -0.0483947
5.8 -0.0571028
6 -0.0634117
6.2 -0.0675326
6.4 -0.0696914
6.6 -0.0701221
6.8 -0.0690606
7 -0.0667401
7.2 -0.0633864
7.4 -0.0592143
7.6 -0.0544248
7.8 -0.0492032
8 -0.0437174
8.2 -0.0381166
8.4 -0.0325315
8.6 -0.0270738
8.8 -0.0218369
9 -0.0168963
9.2 -0.012311
9.4 -0.00812407
9.6 -0.00436461
9.8 -0.00104874
10 0.0018187
10.2 0.00424275
10.4 0.00623674
10.6 0.00782093
10.8 0.00902104
11 0.00986701
11.2 0.0103917
11.4 0.0106301
11.6 0.0106177
11.8 0.0103903
12 0.00998316
12.2 0.00942994
12.4 0.00876266
12.6 0.0080111
12.8 0.00720253
13 0.00636153
13.2 0.00550987
13.4 0.00466643
13.6 0.00384727
13.8 0.00306565
14 0.00233222
14.2 0.00165511
14.4 0.00104016
14.6 0.000491111
14.8 9.83642e-06
15 -0.000403448
15.2 -0.000749941
15.4 -0.00103203
15.6 -0.0012531
15.8 -0.00141726
16 -0.00152924
16.2 -0.00159415
16.4 -0.00161733
16.6 -0.00160421
16.8 -0.00156022
17 -0.00149061
17.2 -0.00140045
17.4 -0.00129448
17.6 -0.00117711
17.8 -0.00105235
18 -0.000923784
18.2 -0.000794584
18.4 -0.000667474
18.6 -0.000544753
18.8 -0.000428302
19 -0.00031961
19.2 -0.000219796
19.4 -0.000129639
19.6 -4.96099e-05
19.8 2.00921e-05
20 7.9508e-05
