0 0
0.5 -0.271772
1 -0.460836
1.5 -0.581289
2 -0.645823
2.5 -0.665796
3 -0.651289
3.5 -0.611178
4 -0.553193
4.5 -0.483985
5 -0.409191
5.5 -0.333498
6 -0.260709
6.5 -0.193803
7 -0.135007
7.5 -0.0858552
8 -0.047253
8.5 -0.0195466
9 -0.00258372
9.5 0.00422051
10 0.00181856
10.5 -0.00853209
11 -0.0253367
11.5 -0.0469258
12 -0.071521
12.5 -0.0972975
13 -0.122452
13.5 -0.145264
14 -0.164164
14.5 -0.177795
15 -0.185077
15.5 -0.185276
16 -0.178064
16.5 -0.163584
17 -0.142519
17.5 -0.116151
18 -0.0864286
18.5 -0.0560328
19 -0.0284377
19.5 -0.00798044
