0 0
0.5 0
1 0.405742
1.5 0.405742
2 0.445355
2.5 0.445355
3 0.299832
3.5 0.299832
4 0.121647
4.5 0.121647
5 -0.00614536
5.5 -0.00614536
6 -0.0634117
6.5 -0.0634117
7 -0.0667401
7.5 -0.0667401
8 -0.0437174
8.5 -0.0437174
9 -0.0168963
9.5 -0.0168963
10 0.0018187
10.5 0.0018187
11 0.00986701
11.5 0.00986701
12 0.00998316
12.5 0.00998316
13 0.00636153
13.5 0.00636153
14 0.00233222
14.5 0.00233222
15 -0.000403448
15.5 -0.000403448
16 -0.00152924
16.5 -0.00152924
17 -0.00149061
17.5 -0.00149061
18 -0.000923784
18.5 -0.000923784
19 -0.00031961
