0 0
0.5 1.48536e+06
1 0.405742
1.5 9932.58
2 0.445355
2.5 208.064
3 0.299833
3.5 9.79603
4 0.12165
4.5 0.897849
5 -0.00610352
5.5 0.117034
6 -0.0634371
6.5 -0.00811707
7 -0.0665113
7.5 -0.0305739
8 -0.0438077
8.5 -0.0516516
9 0.00864295
9.5 -0.660795
10 0.380853
10.5 -1.57033
11 0.25272
11.5 19.141
12 30.9604
12.5 -86.4395
13 -1172.59
13.5 -731.991
14 -13323.5
14.5 -24890.4
15 -15104.4
15.5 102780
16 -390761
16.5 -234915
17 -3.53162e+06
17.5 2.22759e+06
18 2.10011e+06
18.5 -1.9764e+07
19 -1.11502e+08
19.5 1.96984e+08
