0 0
0.5 -0.23924
1 -0.35419
1.5 -0.386635
2 -0.368338
2.5 -0.322713
3 -0.266332
3.5 -0.210253
4 -0.161193
4.5 -0.12255
5 -0.0952791
5.5 -0.0786367
6 -0.0708068
6.5 -0.069404
7 -0.0718787
7.5 -0.0758223
8 -0.0791854
8.5 -0.0804214
9 -0.0785588
9.5 -0.0732153
10 -0.0645622
10.5 -0.0532448
11 -0.0402782
11.5 -0.0269118
12 -0.0144895
12.5 -0.00429446
13 0.0025877
13.5 0.00540179
14 0.00383003
14.5 -0.00194194
15 -0.0111835
15.5 -0.0226434
16 -0.0346355
16.5 -0.0451752
17 -0.0522269
17.5 -0.0539938
18 -0.0493544
18.5 -0.03837
19 -0.0229168
19.5 -0.00745768
