0 0
0.5 -0.310778
1 -0.509879
1.5 -0.552108
2 -0.46709
2.5 -0.310379
3 -0.136195
3.5 0.0153161
4 0.121647
4.5 0.176248
5 0.184338
5.5 0.158056
6 0.112049
6.5 0.0600978
7 0.0129676
7.5 -0.022565
8 -0.0437175
8.5 -0.0510401
9 -0.0473683
9.5 -0.0366785
10 -0.0230505
10.5 -0.00989261
11 0.000511089
11.5 0.00711953
12 0.00998251
12.5 0.00990129
13 0.00800919
13.5 0.00540782
14 0.00289337
14.5 0.000883621
15 -0.000522223
15.5 -0.00135
16 -0.00152971
16.5 -0.000791609
17 0.00125009
17.5 0.00471952
18 0.0089793
18.5 0.0121895
19 0.0116367
19.5 0.00581801
