0 0
0.01 0.00630565
0.02 0.0124912
0.03 0.0185581
0.04 0.0245078
0.05 0.0303418
0.06 0.0360614
0.07 0.0416681
0.08 0.0471634
0.09 0.0525485
0.1 0.0578249
0.11 0.0629939
0.12 0.0680569
0.13 0.0730153
0.14 0.0778704
0.15 0.0826234
0.16 0.0872757
0.17 0.0918287
0.18 0.0962835
0.19 0.100642
0.2 0.104904
0.21 0.109072
0.22 0.113147
0.23 0.11713
0.24 0.121023
0.25 0.124826
0.26 0.128541
0.27 0.132169
0.28 0.135711
0.29 0.139168
0.3 0.142542
0.31 0.145833
0.32 0.149043
0.33 0.152173
0.34 0.155224
0.35 0.158196
0.36 0.161092
0.37 0.163912
0.38 0.166658
0.39 0.169329
0.4 0.171929
0.41 0.174456
0.42 0.176913
0.43 0.1793
0.44 0.181619
0.45 0.18387
0.46 0.186055
0.47 0.188174
0.48 0.190228
0.49 0.192219
0.5 0.194147
0.51 0.196013
0.52 0.197819
0.53 0.199564
0.54 0.20125
0.55 0.202878
0.56 0.204449
0.57 0.205964
0.58 0.207423
0.59 0.208827
0.6 0.210178
0.61 0.211475
0.62 0.21272
0.63 0.213915
0.64 0.215058
0.65 0.216152
0.66 0.217197
0.67 0.218194
0.68 0.219143
0.69 0.220046
0.7 0.220904
0.71 0.221716
0.72 0.222484
0.73 0.223208
0.74 0.22389
0.75 0.224529
0.76 0.225127
0.77 0.225684
0.78 0.226202
0.79 0.22668
0.8 0.227119
0.81 0.227521
0.82 0.227885
0.83 0.228212
0.84 0.228504
0.85 0.22876
0.86 0.228982
0.87 0.229169
0.88 0.229324
0.89 0.229445
0.9 0.229534
0.91 0.229591
0.92 0.229618
0.93 0.229613
0.94 0.229579
0.95 0.229516
0.96 0.229424
0.97 0.229304
0.98 0.229156
0.99 0.228981
1 0.22878
1.01 0.228552
1.02 0.228299
1.03 0.228021
1.04 0.227718
1.05 0.227392
1.06 0.227042
1.07 0.226669
1.08 0.226273
1.09 0.225855
1.1 0.225416
1.11 0.224956
1.12 0.224475
1.13 0.223974
1.14 0.223453
1.15 0.222913
1.16 0.222354
1.17 0.221776
1.18 0.221181
1.19 0.220568
1.2 0.219938
1.21 0.219291
1.22 0.218627
1.23 0.217948
1.24 0.217253
1.25 0.216543
1.26 0.215818
1.27 0.215079
1.28 0.214325
1.29 0.213558
1.3 0.212778
1.31 0.211984
1.32 0.211178
1.33 0.210359
1.34 0.209529
1.35 0.208687
1.36 0.207834
1.37 0.206969
1.38 0.206094
1.39 0.205209
1.4 0.204314
1.41 0.203409
1.42 0.202494
1.43 0.201571
1.44 0.200638
1.45 0.199697
1.46 0.198748
1.47 0.197791
1.48 0.196826
1.49 0.195854
1.5 0.194874
1.51 0.193888
1.52 0.192895
1.53 0.191896
1.54 0.19089
1.55 0.189879
1.56 0.188862
1.57 0.187839
1.58 0.186812
1.59 0.185779
1.6 0.184742
1.61 0.1837
1.62 0.182654
1.63 0.181604
1.64 0.18055
1.65 0.179493
1.66 0.178432
1.67 0.177368
1.68 0.176301
1.69 0.175231
1.7 0.174158
1.71 0.173083
1.72 0.172006
1.73 0.170927
1.74 0.169846
1.75 0.168763
1.76 0.167678
1.77 0.166593
1.78 0.165506
1.79 0.164418
1.8 0.163329
1.81 0.162239
1.82 0.161149
1.83 0.160059
1.84 0.158968
1.85 0.157877
1.86 0.156786
1.87 0.155696
1.88 0.154605
1.89 0.153515
1.9 0.152426
1.91 0.151337
1.92 0.15025
1.93 0.149163
1.94 0.148077
1.95 0.146993
1.96 0.14591
1.97 0.144828
1.98 0.143748
1.99 0.14267
2 0.141593
2.01 0.140518
2.02 0.139446
2.03 0.138375
2.04 0.137307
2.05 0.13624
2.06 0.135177
2.07 0.134115
2.08 0.133057
2.09 0.132001
2.1 0.130948
2.11 0.129897
2.12 0.12885
2.13 0.127805
2.14 0.126764
2.15 0.125726
2.16 0.124691
2.17 0.123659
2.18 0.122631
2.19 0.121606
2.2 0.120584
2.21 0.119567
2.22 0.118553
2.23 0.117542
2.24 0.116536
2.25 0.115533
2.26 0.114534
2.27 0.113539
2.28 0.112548
2.29 0.111561
2.3 0.110579
2.31 0.1096
2.32 0.108626
2.33 0.107656
2.34 0.10669
2.35 0.105729
2.36 0.104772
2.37 0.103819
2.38 0.102871
2.39 0.101927
2.4 0.100988
2.41 0.100054
2.42 0.0991239
2.43 0.0981987
2.44 0.0972782
2.45 0.0963624
2.46 0.0954514
2.47 0.0945452
2.48 0.0936437
2.49 0.0927471
2.5 0.0918554
2.51 0.0909686
2.52 0.0900866
2.53 0.0892096
2.54 0.0883376
2.55 0.0874705
2.56 0.0866084
2.57 0.0857513
2.58 0.0848993
2.59 0.0840522
2.6 0.0832103
2.61 0.0823734
2.62 0.0815416
2.63 0.0807149
2.64 0.0798933
2.65 0.0790768
2.66 0.0782655
2.67 0.0774593
2.68 0.0766582
2.69 0.0758623
2.7 0.0750715
2.71 0.0742859
2.72 0.0735055
2.73 0.0727303
2.74 0.0719602
2.75 0.0711953
2.76 0.0704356
2.77 0.0696811
2.78 0.0689318
2.79 0.0681876
2.8 0.0674486
2.81 0.0667148
2.82 0.0659862
2.83 0.0652627
2.84 0.0645445
2.85 0.0638314
2.86 0.0631234
2.87 0.0624206
2.88 0.061723
2.89 0.0610305
2.9 0.0603431
2.91 0.0596609
2.92 0.0589838
2.93 0.0583118
2.94 0.0576449
2.95 0.0569831
2.96 0.0563264
2.97 0.0556748
2.98 0.0550282
2.99 0.0543867
3 0.0537502
3.01 0.0531188
3.02 0.0524924
3.03 0.0518709
3.04 0.0512545
3.05 0.050643
3.06 0.0500365
3.07 0.0494349
3.08 0.0488383
3.09 0.0482466
3.1 0.0476598
3.11 0.0470778
3.12 0.0465008
3.13 0.0459286
3.14 0.0453612
3.15 0.0447986
3.16 0.0442408
3.17 0.0436878
3.18 0.0431396
3.19 0.0425961
3.2 0.0420574
3.21 0.0415233
3.22 0.0409939
3.23 0.0404692
3.24 0.0399491
3.25 0.0394337
3.26 0.0389229
3.27 0.0384166
3.28 0.037915
3.29 0.0374178
3.3 0.0369252
3.31 0.0364371
3.32 0.0359535
3.33 0.0354743
3.34 0.0349996
3.35 0.0345292
3.36 0.0340633
3.37 0.0336017
3.38 0.0331445
3.39 0.0326916
3.4 0.0322431
3.41 0.0317988
3.42 0.0313587
3.43 0.0309229
3.44 0.0304913
3.45 0.0300639
3.46 0.0296406
3.47 0.0292215
3.48 0.0288065
3.49 0.0283956
3.5 0.0279888
3.51 0.027586
3.52 0.0271872
3.53 0.0267924
3.54 0.0264016
3.55 0.0260147
3.56 0.0256318
3.57 0.0252528
3.58 0.0248776
3.59 0.0245063
3.6 0.0241389
3.61 0.0237752
3.62 0.0234153
3.63 0.0230591
3.64 0.0227067
3.65 0.022358
3.66 0.022013
3.67 0.0216716
3.68 0.0213339
3.69 0.0209997
3.7 0.0206692
3.71 0.0203422
3.72 0.0200187
3.73 0.0196987
3.74 0.0193822
3.75 0.0190692
3.76 0.0187596
3.77 0.0184535
3.78 0.0181507
3.79 0.0178512
3.8 0.0175551
3.81 0.0172624
3.82 0.0169729
3.83 0.0166866
3.84 0.0164036
3.85 0.0161238
3.86 0.0158472
3.87 0.0155738
3.88 0.0153035
3.89 0.0150363
3.9 0.0147722
3.91 0.0145112
3.92 0.0142533
3.93 0.0139983
3.94 0.0137464
3.95 0.0134974
3.96 0.0132514
3.97 0.0130082
3.98 0.012768
3.99 0.0125307
4 0.0122962
4.01 0.0120646
4.02 0.0118358
4.03 0.0116097
4.04 0.0113864
4.05 0.0111659
4.06 0.0109481
4.07 0.0107329
4.08 0.0105205
4.09 0.0103106
4.1 0.0101034
4.11 0.00989884
4.12 0.00969682
4.13 0.00949736
4.14 0.00930043
4.15 0.00910602
4.16 0.00891409
4.17 0.00872464
4.18 0.00853763
4.19 0.00835304
4.2 0.00817085
4.21 0.00799105
4.22 0.0078136
4.23 0.00763849
4.24 0.0074657
4.25 0.0072952
4.26 0.00712697
4.27 0.006961
4.28 0.00679726
4.29 0.00663573
4.3 0.00647639
4.31 0.00631922
4.32 0.0061642
4.33 0.00601131
4.34 0.00586052
4.35 0.00571182
4.36 0.00556519
4.37 0.00542061
4.38 0.00527806
4.39 0.00513751
4.4 0.00499896
4.41 0.00486237
4.42 0.00472773
4.43 0.00459502
4.44 0.00446422
4.45 0.00433532
4.46 0.00420828
4.47 0.00408311
4.48 0.00395976
4.49 0.00383824
4.5 0.00371851
4.51 0.00360056
4.52 0.00348437
4.53 0.00336993
4.54 0.00325721
4.55 0.0031462
4.56 0.00303688
4.57 0.00292923
4.58 0.00282323
4.59 0.00271887
4.6 0.00261613
4.61 0.002515
4.62 0.00241545
4.63 0.00231746
4.64 0.00222103
4.65 0.00212613
4.66 0.00203275
4.67 0.00194087
4.68 0.00185048
4.69 0.00176155
4.7 0.00167408
4.71 0.00158804
4.72 0.00150343
4.73 0.00142022
4.74 0.00133839
4.75 0.00125795
4.76 0.00117885
4.77 0.0011011
4.78 0.00102468
4.79 0.000949572
4.8 0.000875759
4.81 0.000803228
4.82 0.000731964
4.83 0.000661953
4.84 0.00059318
4.85 0.000525631
4.86 0.000459291
4.87 0.000394146
4.88 0.000330182
4.89 0.000267385
4.9 0.000205741
4.91 0.000145236
4.92 8.58567e-05
4.93 2.75897e-05
4.94 -2.95787e-05
4.95 -8.56617e-05
4.96 -0.000140673
4.97 -0.000194624
4.98 -0.00024753
4.99 -0.000299403
5 -0.000350255
