0 -0.0723489
0.025 -0.0684989
0.05 -0.0632068
0.075 -0.0564643
0.1 -0.0482802
0.125 -0.0386804
0.15 -0.0277077
0.175 -0.0154215
0.2 -0.00189746
0.225 0.0127739
0.25 0.0284876
0.275 0.0451261
0.3 0.0625599
0.325 0.0806499
0.35 0.0992485
0.375 0.118202
0.4 0.137351
0.425 0.156535
0.45 0.175592
0.475 0.194361
0.5 0.212687
0.525 0.230415
0.55 0.247403
0.575 0.263514
0.6 0.278624
0.625 0.292618
0.65 0.305397
0.675 0.316877
0.7 0.326986
0.725 0.335671
0.75 0.342896
0.775 0.348639
0.8 0.352897
0.825 0.355685
0.85 0.357031
0.875 0.356981
0.9 0.355596
0.925 0.352949
0.95 0.349129
0.975 0.344233
1 0.338368
1.025 0.331652
1.05 0.324207
1.075 0.31616
1.1 0.307641
1.125 0.298781
1.15 0.289711
1.175 0.280558
1.2 0.271447
1.225 0.262494
1.25 0.253809
1.275 0.245494
1.3 0.23764
1.325 0.230326
1.35 0.223622
1.375 0.217581
1.4 0.212246
1.425 0.207646
1.45 0.203795
1.475 0.200696
1.5 0.198335
1.525 0.196689
1.55 0.195721
1.575 0.195385
1.6 0.195622
1.625 0.196366
1.65 0.197544
1.675 0.199076
1.7 0.200875
1.725 0.202855
1.75 0.204925
1.775 0.206996
1.8 0.208978
1.825 0.210785
1.85 0.212335
1.875 0.213553
1.9 0.214368
1.925 0.214718
1.95 0.21455
1.975 0.213821
2 0.212496
2.025 0.210553
2.05 0.207979
2.075 0.204773
2.1 0.200945
2.125 0.196515
2.15 0.191512
2.175 0.185977
2.2 0.179959
2.225 0.173512
2.25 0.166702
2.275 0.159597
2.3 0.15227
2.325 0.144799
2.35 0.137263
2.375 0.129741
2.4 0.122313
2.425 0.115056
2.45 0.108044
2.475 0.101346
2.5 0.0950268
2.525 0.0891439
2.55 0.0837474
2.575 0.0788794
2.6 0.0745731
2.625 0.0708526
2.65 0.067732
2.675 0.0652159
2.7 0.0632993
2.725 0.0619672
2.75 0.0611957
2.775 0.0609518
2.8 0.0611946
2.825 0.0618757
2.85 0.06294
2.875 0.0643271
2.9 0.0659718
2.925 0.0678058
2.95 0.0697586
2.975 0.0717584
3 0.0737342
3.025 0.0756159
3.05 0.0773365
3.075 0.0788325
3.1 0.0800453
3.125 0.0809223
3.15 0.0814173
3.175 0.0814919
3.2 0.0811155
3.225 0.0802661
3.25 0.0789308
3.275 0.0771057
3.3 0.074796
3.325 0.072016
3.35 0.0687887
3.375 0.0651455
3.4 0.0611255
3.425 0.0567749
3.45 0.0521462
3.475 0.0472973
3.5 0.0422902
3.525 0.0371905
3.55 0.0320657
3.575 0.0269844
3.6 0.0220148
3.625 0.0172238
3.65 0.0126756
3.675 0.00843107
3.7 0.0045459
3.725 0.00107027
3.75 -0.00195227
3.775 -0.00448552
3.8 -0.00650134
3.825 -0.00798005
3.85 -0.00891089
3.875 -0.00929219
3.9 -0.00913143
3.925 -0.00844517
3.95 -0.00725875
3.975 -0.00560595
4 -0.00352839
4.025 -0.00107489
4.05 0.00169935
4.075 0.00473369
4.1 0.00796302
4.125 0.0113189
4.15 0.0147306
4.175 0.0181266
4.2 0.0214354
4.225 0.024587
4.25 0.0275141
4.275 0.0301532
4.3 0.0324456
4.325 0.0343389
4.35 0.0357871
4.375 0.0367524
4.4 0.0372052
4.425 0.0371248
4.45 0.0365003
4.475 0.03533
4.5 0.0336222
4.525 0.0313951
4.55 0.028676
4.575 0.0255016
4.6 0.021917
4.625 0.0179751
4.65 0.0137359
4.675 0.00926563
4.7 0.00463519
4.725 -8.05126e-05
4.75 -0.00480399
4.775 -0.00945648
4.8 -0.0139592
4.825 -0.0182349
4.85 -0.0222089
4.875 -0.0258105
4.9 -0.0289743
4.925 -0.0316415
4.95 -0.0337606
4.975 -0.0352888
