0 -0.0321523
0.025 -0.0210029
0.05 -0.00116214
0.075 0.0254406
0.1 0.0557444
0.125 0.0861835
0.15 0.113412
0.175 0.134959
0.2 0.149681
0.225 0.157897
0.25 0.161204
0.275 0.162022
0.3 0.162979
0.325 0.166287
0.35 0.173263
0.375 0.184085
0.4 0.197835
0.425 0.21281
0.45 0.226997
0.475 0.238594
0.5 0.246453
0.525 0.250327
0.55 0.250882
0.575 0.249476
0.6 0.247778
0.625 0.247323
0.65 0.249133
0.675 0.253486
0.7 0.259885
0.725 0.267232
0.75 0.274153
0.775 0.279369
0.8 0.282033
0.825 0.281935
0.85 0.279532
0.875 0.275799
0.9 0.271952
0.925 0.269117
0.95 0.268039
0.975 0.2689
1 0.271298
1.025 0.27438
1.05 0.27709
1.075 0.278462
1.1 0.27788
1.125 0.275231
1.15 0.270924
1.175 0.265759
1.2 0.260704
1.225 0.256629
1.25 0.254075
1.275 0.253121
1.3 0.253376
1.325 0.254107
1.35 0.254445
1.375 0.253627
1.4 0.251206
1.425 0.247163
1.45 0.241903
1.475 0.236134
1.5 0.230667
1.525 0.226196
1.55 0.223108
1.575 0.221391
1.6 0.220644
1.625 0.220198
1.65 0.219308
1.675 0.217361
1.7 0.214038
1.725 0.209402
1.75 0.203868
1.775 0.198089
1.8 0.192767
1.825 0.188462
1.85 0.185443
1.875 0.183617
1.9 0.182563
1.925 0.181656
1.95 0.180243
1.975 0.177823
2 0.174184
2.025 0.169459
2.05 0.164083
2.075 0.158669
2.1 0.153834
2.125 0.150035
2.15 0.147439
2.175 0.145883
2.2 0.144927
2.225 0.143974
2.25 0.142445
2.275 0.139932
2.3 0.136316
2.325 0.131792
2.35 0.126814
2.375 0.121968
2.4 0.117803
2.425 0.114685
2.45 0.112694
2.475 0.111604
2.5 0.110954
2.525 0.11017
2.55 0.108735
2.575 0.106325
2.6 0.1029
2.625 0.0987161
2.65 0.094247
2.675 0.0900543
2.7 0.0866294
2.725 0.0842572
2.75 0.0829383
2.775 0.0823902
2.8 0.0821279
2.825 0.0816001
2.85 0.0803428
2.875 0.0781086
2.9 0.0749349
2.925 0.0711315
2.95 0.0671941
2.975 0.0636646
3 0.0609801
3.025 0.0593509
3.05 0.0587026
3.075 0.0586971
3.1 0.0588278
3.125 0.0585611
3.15 0.0574853
3.175 0.0554258
3.2 0.052493
3.225 0.0490518
3.25 0.0456191
3.275 0.0427194
3.3 0.0407377
3.325 0.0398123
3.35 0.039795
3.375 0.0402927
3.4 0.0407765
3.425 0.0407296
3.45 0.0397915
3.475 0.0378596
3.5 0.035118
3.525 0.0319871
3.55 0.0290064
3.575 0.0266836
3.6 0.0253524
3.625 0.025078
3.65 0.0256376
3.675 0.0265811
3.7 0.0273562
3.725 0.0274623
3.75 0.0265911
3.775 0.0247139
3.8 0.0220916
3.825 0.0192031
3.85 0.0166124
3.875 0.014811
3.9 0.0140794
3.925 0.0144067
3.95 0.0154905
3.975 0.01682
4 0.0178167
4.025 0.0179962
4.05 0.017105
4.075 0.0151939
4.1 0.0126066
4.125 0.00988636
4.15 0.00762544
4.175 0.00629918
4.2 0.00613105
4.225 0.00702663
4.25 0.00859604
4.275 0.0102596
4.3 0.0114081
4.325 0.0115736
4.35 0.0105626
4.375 0.00851472
4.4 0.00586793
4.425 0.00324008
4.45 0.00125775
4.475 0.00038003
4.5 0.000766445
4.525 0.00222683
4.55 0.00426859
4.575 0.0062298
4.6 0.00746236
4.625 0.00751469
4.65 0.00626273
4.675 0.00395147
4.7 0.00113352
4.725 -0.00148012
4.75 -0.00321721
4.775 -0.00363483
4.8 -0.00264996
4.825 -0.000571864
4.85 0.00197518
4.875 0.0042198
4.9 0.00545736
4.925 0.00525115
4.95 0.0035639
4.975 0.000781272
