0 -0.0374056
0.025 -0.0278424
0.05 -0.0113375
0.075 0.0111739
0.1 0.0380636
0.125 0.0672284
0.15 0.0963748
0.175 0.123326
0.2 0.146308
0.225 0.164165
0.25 0.176489
0.275 0.183629
0.3 0.18659
0.325 0.186844
0.35 0.186078
0.375 0.185922
0.4 0.187704
0.425 0.192259
0.45 0.199832
0.475 0.210076
0.5 0.222146
0.525 0.23487
0.55 0.246961
0.575 0.257243
0.6 0.264837
0.625 0.269301
0.65 0.270683
0.675 0.269489
0.7 0.266577
0.725 0.262999
0.75 0.25981
0.775 0.257893
0.8 0.257815
0.825 0.259747
0.85 0.26345
0.875 0.268342
0.9 0.273608
0.925 0.278363
0.95 0.281804
0.975 0.283353
1 0.282753
1.025 0.2801
1.05 0.275817
1.075 0.270569
1.1 0.265137
1.125 0.260278
1.15 0.256593
1.175 0.254427
1.2 0.253814
1.225 0.254487
1.25 0.255932
1.275 0.257494
1.3 0.258495
1.325 0.258358
1.35 0.256713
1.375 0.253456
1.4 0.248761
1.425 0.243044
1.45 0.236881
1.475 0.230903
1.5 0.225678
1.525 0.221615
1.55 0.218892
1.575 0.217429
1.6 0.216913
1.625 0.216858
1.65 0.216698
1.675 0.215895
1.7 0.214033
1.725 0.210896
1.75 0.206501
1.775 0.201091
1.8 0.19509
1.825 0.189018
1.85 0.183398
1.875 0.17866
1.9 0.175065
1.925 0.172661
1.95 0.171275
1.975 0.170554
2 0.170029
2.025 0.169205
2.05 0.167653
2.075 0.165087
2.1 0.161413
2.125 0.156748
2.15 0.151393
2.175 0.145775
2.2 0.14037
2.225 0.135611
2.25 0.131814
2.275 0.129115
2.3 0.127455
2.325 0.126587
2.35 0.126127
2.375 0.125626
2.4 0.124652
2.425 0.122874
2.45 0.120115
2.475 0.116391
2.5 0.111901
2.525 0.106991
2.55 0.102088
2.575 0.0976204
2.6 0.093941
2.625 0.0912596
2.65 0.0896066
2.675 0.088829
2.7 0.0886196
2.725 0.0885749
2.75 0.0882704
2.775 0.0873396
2.8 0.0855413
2.825 0.0828036
2.85 0.0792363
2.875 0.0751097
2.9 0.0708041
2.925 0.0667383
2.95 0.0632918
2.975 0.0607353
3 0.0591797
3.025 0.0585569
3.05 0.0586327
3.075 0.0590501
3.1 0.0593967
3.125 0.0592805
3.15 0.0584031
3.175 0.0566145
3.2 0.0539414
3.225 0.0505811
3.25 0.0468656
3.275 0.0431991
3.3 0.0399831
3.325 0.037542
3.35 0.036062
3.375 0.0355569
3.4 0.035865
3.425 0.0366788
3.45 0.0376022
3.475 0.0382234
3.5 0.0381919
3.525 0.0372834
3.55 0.0354422
3.575 0.0327916
3.6 0.0296118
3.625 0.026288
3.65 0.0232392
3.675 0.02084
3.7 0.0193511
3.725 0.0188693
3.75 0.0193093
3.775 0.020418
3.8 0.0218211
3.825 0.0230914
3.85 0.0238285
3.875 0.0237332
3.9 0.022664
3.925 0.0206645
3.95 0.0179566
3.975 0.0149003
4 0.0119279
4.025 0.00946371
4.05 0.00784499
4.075 0.00725804
4.1 0.00770207
4.125 0.00898743
4.15 0.010769
4.175 0.0126088
4.2 0.0140567
4.225 0.0147341
4.25 0.0144052
4.275 0.0130228
4.3 0.0107391
4.325 0.00787966
4.35 0.00488492
4.375 0.00222949
4.4 0.000333889
4.425 -0.000514656
4.45 -0.000217767
4.475 0.00111294
4.5 0.00317349
4.525 0.00552131
4.55 0.00765557
4.575 0.0091097
4.6 0.00953894
4.625 0.00878669
4.65 0.0069169
4.675 0.00420594
4.7 0.00109475
4.725 -0.00189059
4.75 -0.00423561
4.775 -0.00553383
4.8 -0.00556504
4.825 -0.00434022
4.85 -0.00210445
4.875 0.000704017
4.9 0.00353149
4.925 0.00581008
4.95 0.00706396
4.975 0.00700108
