0 -3.83693e-16
0.025 0.00503081
0.05 0.00998958
0.075 0.0148763
0.1 0.019691
0.125 0.0244337
0.15 0.0291044
0.175 0.033703
0.2 0.0382296
0.225 0.0426842
0.25 0.0470667
0.275 0.0513773
0.3 0.0556157
0.325 0.0597822
0.35 0.0638766
0.375 0.067899
0.4 0.0718494
0.425 0.0757277
0.45 0.079534
0.475 0.0832683
0.5 0.0869306
0.525 0.0905208
0.55 0.094039
0.575 0.0974851
0.6 0.100859
0.625 0.104161
0.65 0.107391
0.675 0.110549
0.7 0.113635
0.725 0.116649
0.75 0.119591
0.775 0.122461
0.8 0.125259
0.825 0.127985
0.85 0.130639
0.875 0.133221
0.9 0.135731
0.925 0.138168
0.95 0.140534
0.975 0.142828
1 0.145049
1.025 0.147199
1.05 0.149277
1.075 0.151282
1.1 0.153216
1.125 0.155077
1.15 0.156867
1.175 0.158584
1.2 0.16023
1.225 0.161803
1.25 0.163304
1.275 0.164734
1.3 0.166091
1.325 0.167376
1.35 0.16859
1.375 0.169731
1.4 0.1708
1.425 0.171797
1.45 0.172722
1.475 0.173575
1.5 0.174356
1.525 0.175066
1.55 0.175703
1.575 0.176268
1.6 0.176761
1.625 0.177181
1.65 0.17753
1.675 0.177807
1.7 0.178012
1.725 0.178145
1.75 0.178206
1.775 0.178194
1.8 0.178111
1.825 0.177956
1.85 0.177728
1.875 0.177429
1.9 0.177058
1.925 0.176614
1.95 0.176099
1.975 0.175511
2 0.174852
2.025 0.17412
2.05 0.173317
2.075 0.172441
2.1 0.171494
2.125 0.170474
2.15 0.169382
2.175 0.168218
2.2 0.166983
2.225 0.165675
2.25 0.164295
2.275 0.162843
2.3 0.161319
2.325 0.159724
2.35 0.158056
2.375 0.156316
2.4 0.154504
2.425 0.15262
2.45 0.150664
2.475 0.148636
2.5 0.146536
2.525 0.144363
2.55 0.142119
2.575 0.139803
2.6 0.137415
2.625 0.134955
2.65 0.132422
2.675 0.129818
2.7 0.127142
2.725 0.124393
2.75 0.121573
2.775 0.118681
2.8 0.115716
2.825 0.11268
2.85 0.109571
2.875 0.106391
2.9 0.103138
2.925 0.0998134
2.95 0.0964168
2.975 0.0929481
3 0.0894075
3.025 0.0857947
3.05 0.08211
3.075 0.0783532
3.1 0.0745244
3.125 0.0706236
3.15 0.0666507
3.175 0.0626059
3.2 0.0584889
3.225 0.0543
3.25 0.050039
3.275 0.045706
3.3 0.041301
3.325 0.0368239
3.35 0.0322748
3.375 0.0276537
3.4 0.0229606
3.425 0.0181954
3.45 0.0133582
3.475 0.00844892
3.5 0.00346766
3.525 -0.00158564
3.55 -0.00671097
3.575 -0.0119083
3.6 -0.0171777
3.625 -0.0225191
3.65 -0.0279326
3.675 -0.033418
3.7 -0.0389755
3.725 -0.0446051
3.75 -0.0503066
3.775 -0.0560802
3.8 -0.0619259
3.825 -0.0678435
3.85 -0.0738332
3.875 -0.0798949
3.9 -0.0860286
3.925 -0.0922344
3.95 -0.0985122
3.975 -0.104862
4 -0.111284
4.025 -0.117778
4.05 -0.124344
4.075 -0.130982
4.1 -0.137692
4.125 -0.144474
4.15 -0.151328
4.175 -0.158254
4.2 -0.165252
4.225 -0.172322
4.25 -0.179464
4.275 -0.186678
4.3 -0.193964
4.325 -0.201323
4.35 -0.208753
4.375 -0.216255
4.4 -0.22383
4.425 -0.231476
4.45 -0.239194
4.475 -0.246985
4.5 -0.254847
4.525 -0.262782
4.55 -0.270788
4.575 -0.278867
4.6 -0.287017
4.625 -0.29524
4.65 -0.303534
4.675 -0.311901
4.7 -0.32034
4.725 -0.32885
4.75 -0.337433
4.775 -0.346088
4.8 -0.354815
4.825 -0.363614
4.85 -0.372484
4.875 -0.381427
4.9 -0.390442
4.925 -0.399529
4.95 -0.408688
4.975 -0.417919
