0 -0.0590932
0.025 -0.0528984
0.05 -0.0432911
0.075 -0.0303304
0.1 -0.0141939
0.125 0.00482832
0.15 0.0263438
0.175 0.0498725
0.2 0.074865
0.225 0.100724
0.25 0.126825
0.275 0.152547
0.3 0.177287
0.325 0.200491
0.35 0.221669
0.375 0.240418
0.4 0.25643
0.425 0.269508
0.45 0.279564
0.475 0.286627
0.5 0.29083
0.525 0.29241
0.55 0.291685
0.575 0.289045
0.6 0.28493
0.625 0.27981
0.65 0.27416
0.675 0.268445
0.7 0.263093
0.725 0.258482
0.75 0.254924
0.775 0.252651
0.8 0.25181
0.825 0.252457
0.85 0.254562
0.875 0.258009
0.9 0.262609
0.925 0.268109
0.95 0.27421
0.975 0.280578
1 0.28687
1.025 0.292745
1.05 0.297884
1.075 0.302004
1.1 0.304873
1.125 0.306322
1.15 0.306248
1.175 0.30462
1.2 0.301481
1.225 0.29694
1.25 0.291169
1.275 0.284392
1.3 0.276871
1.325 0.268895
1.35 0.260763
1.375 0.252769
1.4 0.245188
1.425 0.238265
1.45 0.232197
1.475 0.227132
1.5 0.223158
1.525 0.2203
1.55 0.218523
1.575 0.217734
1.6 0.217787
1.625 0.218494
1.65 0.219635
1.675 0.220968
1.7 0.222247
1.725 0.223231
1.75 0.223697
1.775 0.223455
1.8 0.222353
1.825 0.220288
1.85 0.217206
1.875 0.213112
1.9 0.208061
1.925 0.202158
1.95 0.195554
1.975 0.188431
2 0.181
2.025 0.173483
2.05 0.166106
2.075 0.159083
2.1 0.152608
2.125 0.146846
2.15 0.141919
2.175 0.137907
2.2 0.134842
2.225 0.132703
2.25 0.131425
2.275 0.130897
2.3 0.130972
2.325 0.131475
2.35 0.132208
2.375 0.132969
2.4 0.133555
2.425 0.13378
2.45 0.133477
2.475 0.132515
2.5 0.130797
2.525 0.128273
2.55 0.124938
2.575 0.120832
2.6 0.116038
2.625 0.110678
2.65 0.104905
2.675 0.0988965
2.7 0.0928419
2.725 0.0869345
2.75 0.0813608
2.775 0.0762899
2.8 0.071865
2.825 0.0681959
2.85 0.065353
2.875 0.0633639
2.9 0.0622123
2.925 0.0618387
2.95 0.0621442
2.975 0.0629957
3 0.0642333
3.025 0.0656788
3.05 0.0671458
3.075 0.0684492
3.1 0.0694156
3.125 0.0698922
3.15 0.0697553
3.175 0.0689167
3.2 0.0673283
3.225 0.0649849
3.25 0.061924
3.275 0.0582239
3.3 0.0539995
3.325 0.049396
3.35 0.0445808
3.375 0.0397349
3.4 0.0350426
3.425 0.030682
3.45 0.0268148
3.475 0.0235782
3.5 0.021077
3.525 0.019378
3.55 0.0185062
3.575 0.0184436
3.6 0.0191298
3.625 0.0204653
3.65 0.0223167
3.675 0.0245238
3.7 0.0269082
3.725 0.0292826
3.75 0.0314612
3.775 0.0332695
3.8 0.034554
3.825 0.0351902
3.85 0.0350896
3.875 0.0342047
3.9 0.0325318
3.925 0.0301112
3.95 0.0270253
3.975 0.0233946
4 0.0193712
4.025 0.0151307
4.05 0.010863
4.075 0.00676212
4.1 0.00301555
4.125 -0.000205707
4.15 -0.00275669
4.175 -0.00452648
4.2 -0.00544452
4.225 -0.00548478
4.25 -0.00466762
4.275 -0.00305909
4.3 -0.000767873
4.325 0.00206016
4.35 0.0052494
4.375 0.00860367
4.4 0.0119165
4.425 0.0149823
4.45 0.017607
4.475 0.0196193
4.5 0.0208794
4.525 0.0212876
4.55 0.0207897
4.575 0.0193806
4.6 0.0171053
4.625 0.014057
4.65 0.0103731
4.675 0.00622794
4.7 0.00182442
4.725 -0.00261677
4.75 -0.00686857
4.775 -0.0107097
4.8 -0.0139366
4.825 -0.0163745
4.85 -0.0178878
4.875 -0.0183871
4.9 -0.0178357
4.925 -0.016252
4.95 -0.0137097
4.975 -0.0103347
