0 -0.0276617
0.025 -0.0262645
0.05 -0.0248222
0.075 -0.0233357
0.1 -0.0218059
0.125 -0.0202338
0.15 -0.0186203
0.175 -0.0169665
0.2 -0.0152734
0.225 -0.013542
0.25 -0.0117734
0.275 -0.00996884
0.3 -0.00812931
0.325 -0.00625599
0.35 -0.00435006
0.375 -0.00241271
0.4 -0.000445141
0.425 0.0015514
0.45 0.00357568
0.475 0.00562643
0.5 0.00770237
0.525 0.00980219
0.55 0.0119246
0.575 0.0140682
0.6 0.0162318
0.625 0.0184139
0.65 0.0206133
0.675 0.0228284
0.7 0.025058
0.725 0.0273006
0.75 0.0295548
0.775 0.0318193
0.8 0.0340926
0.825 0.0363733
0.85 0.03866
0.875 0.0409512
0.9 0.0432456
0.925 0.0455416
0.95 0.0478378
0.975 0.0501329
1 0.0524253
1.025 0.0547137
1.05 0.0569965
1.075 0.0592725
1.1 0.0615401
1.125 0.063798
1.15 0.0660447
1.175 0.0682788
1.2 0.0704989
1.225 0.0727037
1.25 0.0748918
1.275 0.0770617
1.3 0.0792122
1.325 0.0813419
1.35 0.0834495
1.375 0.0855336
1.4 0.087593
1.425 0.0896263
1.45 0.0916323
1.475 0.0936098
1.5 0.0955574
1.525 0.097474
1.55 0.0993584
1.575 0.101209
1.6 0.103026
1.625 0.104807
1.65 0.106551
1.675 0.108257
1.7 0.109924
1.725 0.111551
1.75 0.113137
1.775 0.114681
1.8 0.116183
1.825 0.11764
1.85 0.119052
1.875 0.120419
1.9 0.121739
1.925 0.123012
1.95 0.124237
1.975 0.125412
2 0.126538
2.025 0.127614
2.05 0.128639
2.075 0.129612
2.1 0.130532
2.125 0.1314
2.15 0.132214
2.175 0.132975
2.2 0.133681
2.225 0.134332
2.25 0.134928
2.275 0.135468
2.3 0.135952
2.325 0.13638
2.35 0.136752
2.375 0.137066
2.4 0.137324
2.425 0.137525
2.45 0.137668
2.475 0.137754
2.5 0.137783
2.525 0.137754
2.55 0.137668
2.575 0.137525
2.6 0.137324
2.625 0.137066
2.65 0.136752
2.675 0.13638
2.7 0.135952
2.725 0.135468
2.75 0.134928
2.775 0.134332
2.8 0.133681
2.825 0.132975
2.85 0.132214
2.875 0.1314
2.9 0.130532
2.925 0.129612
2.95 0.128639
2.975 0.127614
3 0.126538
3.025 0.125412
3.05 0.124237
3.075 0.123012
3.1 0.121739
3.125 0.120419
3.15 0.119052
3.175 0.11764
3.2 0.116183
3.225 0.114681
3.25 0.113137
3.275 0.111551
3.3 0.109924
3.325 0.108257
3.35 0.106551
3.375 0.104807
3.4 0.103026
3.425 0.101209
3.45 0.0993584
3.475 0.097474
3.5 0.0955574
3.525 0.0936098
3.55 0.0916323
3.575 0.0896263
3.6 0.087593
3.625 0.0855336
3.65 0.0834495
3.675 0.0813419
3.7 0.0792122
3.725 0.0770617
3.75 0.0748918
3.775 0.0727037
3.8 0.0704989
3.825 0.0682788
3.85 0.0660447
3.875 0.063798
3.9 0.0615401
3.925 0.0592725
3.95 0.0569965
3.975 0.0547137
4 0.0524253
4.025 0.0501329
4.05 0.0478378
4.075 0.0455416
4.1 0.0432456
4.125 0.0409512
4.15 0.03866
4.175 0.0363733
4.2 0.0340926
4.225 0.0318193
4.25 0.0295548
4.275 0.0273006
4.3 0.025058
4.325 0.0228284
4.35 0.0206133
4.375 0.0184139
4.4 0.0162318
4.425 0.0140682
4.45 0.0119246
4.475 0.00980219
4.5 0.00770237
4.525 0.00562643
4.55 0.00357568
4.575 0.0015514
4.6 -0.000445141
4.625 -0.00241271
4.65 -0.00435006
4.675 -0.00625599
4.7 -0.00812931
4.725 -0.00996884
4.75 -0.0117734
4.775 -0.013542
4.8 -0.0152734
4.825 -0.0169665
4.85 -0.0186203
4.875 -0.0202338
4.9 -0.0218059
4.925 -0.0233357
4.95 -0.0248222
4.975 -0.0262645
