0 1.70501e-10
0.025 0.0155446
0.05 0.0303509
0.075 0.0444415
0.1 0.0578386
0.125 0.070564
0.15 0.0826387
0.175 0.0940836
0.2 0.104919
0.225 0.115164
0.25 0.124839
0.275 0.133962
0.3 0.142552
0.325 0.150627
0.35 0.158205
0.375 0.165301
0.4 0.171934
0.425 0.17812
0.45 0.183874
0.475 0.189212
0.5 0.194149
0.525 0.1987
0.55 0.202879
0.575 0.2067
0.6 0.210177
0.625 0.213323
0.65 0.21615
0.675 0.218673
0.7 0.220902
0.725 0.222849
0.75 0.224527
0.775 0.225946
0.8 0.227117
0.825 0.228051
0.85 0.228758
0.875 0.229249
0.9 0.229532
0.925 0.229618
0.95 0.229515
0.975 0.229232
1 0.228779
1.025 0.228162
1.05 0.227391
1.075 0.226473
1.1 0.225416
1.125 0.224227
1.15 0.222913
1.175 0.221481
1.2 0.219938
1.225 0.21829
1.25 0.216544
1.275 0.214704
1.3 0.212778
1.325 0.210771
1.35 0.208688
1.375 0.206534
1.4 0.204314
1.425 0.202034
1.45 0.199698
1.475 0.19731
1.5 0.194875
1.525 0.192396
1.55 0.189879
1.575 0.187326
1.6 0.184742
1.625 0.18213
1.65 0.179493
1.675 0.176835
1.7 0.174158
1.725 0.171467
1.75 0.168763
1.775 0.166049
1.8 0.163329
1.825 0.160604
1.85 0.157877
1.875 0.15515
1.9 0.152426
1.925 0.149706
1.95 0.146993
1.975 0.144288
2 0.141593
2.025 0.13891
2.05 0.13624
2.075 0.133586
2.1 0.130947
2.125 0.128327
2.15 0.125725
2.175 0.123144
2.2 0.120584
2.225 0.118047
2.25 0.115533
2.275 0.113043
2.3 0.110579
2.325 0.10814
2.35 0.105729
2.375 0.103345
2.4 0.100988
2.425 0.0986609
2.45 0.0963627
2.475 0.0940941
2.5 0.0918557
2.525 0.0896478
2.55 0.0874707
2.575 0.0853249
2.6 0.0832105
2.625 0.0811278
2.65 0.079077
2.675 0.0770582
2.7 0.0750716
2.725 0.0731173
2.75 0.0711954
2.775 0.0693058
2.8 0.0674486
2.825 0.0656237
2.85 0.0638312
2.875 0.062071
2.9 0.060343
2.925 0.058647
2.95 0.0569829
2.975 0.0553506
3 0.05375
3.025 0.0521807
3.05 0.0506427
3.075 0.0491357
3.1 0.0476595
3.125 0.0462138
3.15 0.0447983
3.175 0.0434129
3.2 0.0420571
3.225 0.0407308
3.25 0.0394336
3.275 0.0381651
3.3 0.0369252
3.325 0.0357133
3.35 0.0345293
3.375 0.0333727
3.4 0.0322432
3.425 0.0311405
3.45 0.0300641
3.475 0.0290138
3.5 0.0279891
3.525 0.0269897
3.55 0.0260152
3.575 0.0250652
3.6 0.0241394
3.625 0.0232373
3.65 0.0223585
3.675 0.0215028
3.7 0.0206697
3.725 0.0198588
3.75 0.0190697
3.775 0.018302
3.8 0.0175555
3.825 0.0168296
3.85 0.016124
3.875 0.0154383
3.9 0.0147722
3.925 0.0141252
3.95 0.0134971
3.975 0.0128873
4 0.0122957
4.025 0.0117217
4.05 0.011165
4.075 0.0106253
4.1 0.0101023
4.125 0.0095955
4.15 0.00910464
4.175 0.00862936
4.2 0.00816932
4.225 0.00772419
4.25 0.00729363
4.275 0.00687731
4.3 0.00647493
4.325 0.00608615
4.35 0.00571065
4.375 0.00534814
4.4 0.0049983
4.425 0.00466082
4.45 0.00433541
4.475 0.00402177
4.5 0.00371961
4.525 0.00342864
4.55 0.00314856
4.575 0.00287909
4.6 0.00261995
4.625 0.00237086
4.65 0.00213154
4.675 0.00190171
4.7 0.00168109
4.725 0.00146941
4.75 0.00126639
4.775 0.00107174
4.8 0.000885192
4.825 0.000706461
4.85 0.000535262
4.875 0.000371306
4.9 0.000214302
4.925 6.39508e-05
4.95 -8.00507e-05
4.975 -0.000218013
