0 -6.28623e-13
0.025 0.0155249
0.05 0.0303142
0.075 0.0443906
0.1 0.057776
0.125 0.0704918
0.15 0.0825591
0.175 0.0939985
0.2 0.10483
0.225 0.115073
0.25 0.124748
0.275 0.133872
0.3 0.142463
0.325 0.150541
0.35 0.158122
0.375 0.165223
0.4 0.171861
0.425 0.178052
0.45 0.183812
0.475 0.189156
0.5 0.194099
0.525 0.198657
0.55 0.202842
0.575 0.20667
0.6 0.210153
0.625 0.213305
0.65 0.216139
0.675 0.218667
0.7 0.220901
0.725 0.222853
0.75 0.224536
0.775 0.225959
0.8 0.227134
0.825 0.228071
0.85 0.228782
0.875 0.229274
0.9 0.22956
0.925 0.229647
0.95 0.229545
0.975 0.229264
1 0.22881
1.025 0.228194
1.05 0.227422
1.075 0.226504
1.1 0.225445
1.125 0.224255
1.15 0.22294
1.175 0.221506
1.2 0.219961
1.225 0.218311
1.25 0.216562
1.275 0.21472
1.3 0.212791
1.325 0.210781
1.35 0.208695
1.375 0.206539
1.4 0.204317
1.425 0.202034
1.45 0.199695
1.475 0.197305
1.5 0.194867
1.525 0.192387
1.55 0.189867
1.575 0.187313
1.6 0.184727
1.625 0.182113
1.65 0.179475
1.675 0.176816
1.7 0.174139
1.725 0.171447
1.75 0.168742
1.775 0.166029
1.8 0.163308
1.825 0.160584
1.85 0.157857
1.875 0.155132
1.9 0.152408
1.925 0.14969
1.95 0.146978
1.975 0.144274
2 0.141581
2.025 0.1389
2.05 0.136232
2.075 0.13358
2.1 0.130944
2.125 0.128325
2.15 0.125726
2.175 0.123147
2.2 0.12059
2.225 0.118054
2.25 0.115542
2.275 0.113055
2.3 0.110592
2.325 0.108156
2.35 0.105746
2.375 0.103363
2.4 0.101008
2.425 0.0986817
2.45 0.0963844
2.475 0.0941165
2.5 0.0918785
2.525 0.0896707
2.55 0.0874936
2.575 0.0853474
2.6 0.0832323
2.625 0.0811487
2.65 0.0790967
2.675 0.0770765
2.7 0.0750882
2.725 0.0731318
2.75 0.0712076
2.775 0.0693155
2.8 0.0674556
2.825 0.0656279
2.85 0.0638323
2.875 0.0620688
2.9 0.0603374
2.925 0.0586379
2.95 0.0569703
2.975 0.0553344
3 0.0537302
3.025 0.0521574
3.05 0.050616
3.075 0.0491057
3.1 0.0476263
3.125 0.0461777
3.15 0.0447596
3.175 0.0433719
3.2 0.0420142
3.225 0.0406863
3.25 0.039388
3.275 0.038119
3.3 0.036879
3.325 0.0356678
3.35 0.034485
3.375 0.0333303
3.4 0.0322035
3.425 0.0311042
3.45 0.030032
3.475 0.0289866
3.5 0.0279677
3.525 0.0269749
3.55 0.0260077
3.575 0.025066
3.6 0.0241491
3.625 0.0232567
3.65 0.0223885
3.675 0.0215438
3.7 0.0207224
3.725 0.0199237
3.75 0.0191473
3.775 0.0183926
3.8 0.0176591
3.825 0.0169463
3.85 0.0162536
3.875 0.0155805
3.9 0.0149264
3.925 0.0142906
3.95 0.0136724
3.975 0.0130713
4 0.0124866
4.025 0.0119174
4.05 0.011363
4.075 0.0108228
4.1 0.0102957
4.125 0.00978104
4.15 0.00927786
4.175 0.00878524
4.2 0.00830222
4.225 0.00782777
4.25 0.00736085
4.275 0.00690036
4.3 0.00644515
4.325 0.00599402
4.35 0.00554572
4.375 0.00509896
4.4 0.00465237
4.425 0.00420453
4.45 0.00375396
4.475 0.00329913
4.5 0.00283841
4.525 0.00237014
4.55 0.00189256
4.575 0.00140386
4.6 0.000902126
4.625 0.000385386
4.65 -0.000148422
4.675 -0.000701444
4.7 -0.00127591
4.725 -0.00187416
4.75 -0.0024986
4.775 -0.00315175
4.8 -0.00383622
4.825 -0.00455475
4.85 -0.00531015
4.875 -0.00610536
4.9 -0.00694344
4.925 -0.00782755
4.95 -0.00876099
4.975 -0.00974717
