0 -1.02768e-14
0.025 0.013701
0.05 0.026865
0.075 0.0395029
0.1 0.0516258
0.125 0.0632444
0.15 0.0743695
0.175 0.0850118
0.2 0.0951817
0.225 0.10489
0.25 0.114146
0.275 0.122961
0.3 0.131345
0.325 0.139308
0.35 0.146859
0.375 0.154009
0.4 0.160767
0.425 0.167143
0.45 0.173146
0.475 0.178786
0.5 0.184071
0.525 0.189012
0.55 0.193617
0.575 0.197895
0.6 0.201855
0.625 0.205505
0.65 0.208855
0.675 0.211913
0.7 0.214687
0.725 0.217186
0.75 0.219418
0.775 0.22139
0.8 0.223112
0.825 0.224591
0.85 0.225834
0.875 0.22685
0.9 0.227646
0.925 0.22823
0.95 0.228609
0.975 0.228789
1 0.22878
1.025 0.228586
1.05 0.228216
1.075 0.227677
1.1 0.226974
1.125 0.226115
1.15 0.225107
1.175 0.223955
1.2 0.222667
1.225 0.221247
1.25 0.219703
1.275 0.218041
1.3 0.216266
1.325 0.214384
1.35 0.212401
1.375 0.210323
1.4 0.208154
1.425 0.205901
1.45 0.203569
1.475 0.201163
1.5 0.198688
1.525 0.196148
1.55 0.19355
1.575 0.190897
1.6 0.188195
1.625 0.185447
1.65 0.182658
1.675 0.179834
1.7 0.176977
1.725 0.174092
1.75 0.171183
1.775 0.168255
1.8 0.16531
1.825 0.162352
1.85 0.159386
1.875 0.156415
1.9 0.153441
1.925 0.150469
1.95 0.147502
1.975 0.144542
2 0.141593
2.025 0.138657
2.05 0.135738
2.075 0.132838
2.1 0.129959
2.125 0.127105
2.15 0.124277
2.175 0.121477
2.2 0.118709
2.225 0.115973
2.25 0.113272
2.275 0.110607
2.3 0.107981
2.325 0.105395
2.35 0.10285
2.375 0.100348
2.4 0.097891
2.425 0.0954789
2.45 0.0931134
2.475 0.0907954
2.5 0.0885259
2.525 0.0863055
2.55 0.0841351
2.575 0.0820151
2.6 0.0799461
2.625 0.0779284
2.65 0.0759622
2.675 0.0740478
2.7 0.0721852
2.725 0.0703744
2.75 0.0686151
2.775 0.0669071
2.8 0.0652501
2.825 0.0636436
2.85 0.062087
2.875 0.0605796
2.9 0.0591207
2.925 0.0577094
2.95 0.0563446
2.975 0.0550253
3 0.0537502
3.025 0.0525181
3.05 0.0513276
3.075 0.0501771
3.1 0.0490649
3.125 0.0479895
3.15 0.0469489
3.175 0.0459412
3.2 0.0449644
3.225 0.0440162
3.25 0.0430946
3.275 0.042197
3.3 0.0413211
3.325 0.0404643
3.35 0.0396239
3.375 0.0387972
3.4 0.0379812
3.425 0.0371729
3.45 0.0363694
3.475 0.0355673
3.5 0.0347634
3.525 0.0339543
3.55 0.0331365
3.575 0.0323063
3.6 0.0314601
3.625 0.030594
3.65 0.0297041
3.675 0.0287864
3.7 0.0278366
3.725 0.0268507
3.75 0.0258241
3.775 0.0247526
3.8 0.0236315
3.825 0.0224561
3.85 0.0212217
3.875 0.0199235
3.9 0.0185564
3.925 0.0171153
3.95 0.0155952
3.975 0.0139906
4 0.0122962
4.025 0.0105066
4.05 0.00861597
4.075 0.00661876
4.1 0.00450912
4.125 0.00228112
4.15 -7.12605e-05
4.175 -0.00255414
4.2 -0.00517377
4.225 -0.00793647
4.25 -0.0108487
4.275 -0.013917
4.3 -0.017148
4.325 -0.0205485
4.35 -0.0241253
4.375 -0.0278855
4.4 -0.031836
4.425 -0.0359841
4.45 -0.040337
4.475 -0.0449021
4.5 -0.049687
4.525 -0.0546992
4.55 -0.0599464
4.575 -0.0654364
4.6 -0.0711771
4.625 -0.0771766
4.65 -0.0834429
4.675 -0.0899843
4.7 -0.0968092
4.725 -0.103926
4.75 -0.111343
4.775 -0.119069
4.8 -0.127113
4.825 -0.135483
4.85 -0.14419
4.875 -0.15324
4.9 -0.162645
4.925 -0.172413
4.95 -0.182553
4.975 -0.193075
