0 -2.0211e-16
0.025 0.0102177
0.05 0.0201448
0.075 0.0297844
0.1 0.0391398
0.125 0.0482139
0.15 0.0570101
0.175 0.0655314
0.2 0.0737809
0.225 0.0817619
0.25 0.0894774
0.275 0.0969306
0.3 0.104125
0.325 0.111063
0.35 0.117748
0.375 0.124183
0.4 0.130372
0.425 0.136318
0.45 0.142023
0.475 0.147491
0.5 0.152725
0.525 0.157729
0.55 0.162504
0.575 0.167055
0.6 0.171385
0.625 0.175496
0.65 0.179392
0.675 0.183077
0.7 0.186552
0.725 0.189822
0.75 0.192889
0.775 0.195757
0.8 0.198428
0.825 0.200907
0.85 0.203195
0.875 0.205297
0.9 0.207215
0.925 0.208952
0.95 0.210512
0.975 0.211898
1 0.213113
1.025 0.21416
1.05 0.215042
1.075 0.215762
1.1 0.216324
1.125 0.216731
1.15 0.216985
1.175 0.21709
1.2 0.21705
1.225 0.216866
1.25 0.216543
1.275 0.216083
1.3 0.21549
1.325 0.214767
1.35 0.213917
1.375 0.212943
1.4 0.211848
1.425 0.210636
1.45 0.209309
1.475 0.20787
1.5 0.206324
1.525 0.204672
1.55 0.202919
1.575 0.201067
1.6 0.199119
1.625 0.197078
1.65 0.194949
1.675 0.192733
1.7 0.190434
1.725 0.188056
1.75 0.1856
1.775 0.183071
1.8 0.180472
1.825 0.177805
1.85 0.175074
1.875 0.172282
1.9 0.169433
1.925 0.166528
1.95 0.163572
1.975 0.160567
2 0.157518
2.025 0.154426
2.05 0.151295
2.075 0.148128
2.1 0.144929
2.125 0.1417
2.15 0.138444
2.175 0.135165
2.2 0.131867
2.225 0.128551
2.25 0.125221
2.275 0.121881
2.3 0.118533
2.325 0.115181
2.35 0.111827
2.375 0.108475
2.4 0.105129
2.425 0.10179
2.45 0.0984631
2.475 0.0951504
2.5 0.0918554
2.525 0.0885811
2.55 0.0853308
2.575 0.0821075
2.6 0.0789143
2.625 0.0757546
2.65 0.0726313
2.675 0.0695476
2.7 0.0665067
2.725 0.0635117
2.75 0.0605658
2.775 0.0576721
2.8 0.0548338
2.825 0.052054
2.85 0.0493358
2.875 0.0466824
2.9 0.0440969
2.925 0.0415826
2.95 0.0391424
2.975 0.0367796
3 0.0344974
3.025 0.0322988
3.05 0.030187
3.075 0.0281651
3.1 0.0262364
3.125 0.0244039
3.15 0.0226708
3.175 0.0210402
3.2 0.0195153
3.225 0.0180992
3.25 0.0167951
3.275 0.0156061
3.3 0.0145353
3.325 0.013586
3.35 0.0127612
3.375 0.0120641
3.4 0.0114978
3.425 0.0110655
3.45 0.0107704
3.475 0.0106155
3.5 0.010604
3.525 0.0107391
3.55 0.0110239
3.575 0.0114616
3.6 0.0120552
3.625 0.012808
3.65 0.0137231
3.675 0.0148036
3.7 0.0160527
3.725 0.0174735
3.75 0.0190692
3.775 0.0208429
3.8 0.0227978
3.825 0.024937
3.85 0.0272636
3.875 0.0297808
3.9 0.0324917
3.925 0.0353995
3.95 0.0385074
3.975 0.0418184
4 0.0453358
4.025 0.0490626
4.05 0.053002
4.075 0.0571572
4.1 0.0615313
4.125 0.0661274
4.15 0.0709487
4.175 0.0759983
4.2 0.0812795
4.225 0.0867952
4.25 0.0925487
4.275 0.0985432
4.3 0.104782
4.325 0.111267
4.35 0.118003
4.375 0.124993
4.4 0.132239
4.425 0.139745
4.45 0.147514
4.475 0.155549
4.5 0.163853
4.525 0.17243
4.55 0.181282
4.575 0.190412
4.6 0.199825
4.625 0.209522
4.65 0.219508
4.675 0.229785
4.7 0.240356
4.725 0.251225
4.75 0.262394
4.775 0.273867
4.8 0.285647
4.825 0.297738
4.85 0.310141
4.875 0.322861
4.9 0.3359
4.925 0.349263
4.95 0.362951
4.975 0.376967
