0 -1.11022e-17
0.025 0.000918554
0.05 0.00183711
0.075 0.00275566
0.1 0.00367422
0.125 0.00459277
0.15 0.00551132
0.175 0.00642988
0.2 0.00734843
0.225 0.00826699
0.25 0.00918554
0.275 0.0101041
0.3 0.0110226
0.325 0.0119412
0.35 0.0128598
0.375 0.0137783
0.4 0.0146969
0.425 0.0156154
0.45 0.016534
0.475 0.0174525
0.5 0.0183711
0.525 0.0192896
0.55 0.0202082
0.575 0.0211267
0.6 0.0220453
0.625 0.0229639
0.65 0.0238824
0.675 0.024801
0.7 0.0257195
0.725 0.0266381
0.75 0.0275566
0.775 0.0284752
0.8 0.0293937
0.825 0.0303123
0.85 0.0312308
0.875 0.0321494
0.9 0.0330679
0.925 0.0339865
0.95 0.0349051
0.975 0.0358236
1 0.0367422
1.025 0.0376607
1.05 0.0385793
1.075 0.0394978
1.1 0.0404164
1.125 0.0413349
1.15 0.0422535
1.175 0.043172
1.2 0.0440906
1.225 0.0450092
1.25 0.0459277
1.275 0.0468463
1.3 0.0477648
1.325 0.0486834
1.35 0.0496019
1.375 0.0505205
1.4 0.051439
1.425 0.0523576
1.45 0.0532761
1.475 0.0541947
1.5 0.0551132
1.525 0.0560318
1.55 0.0569504
1.575 0.0578689
1.6 0.0587875
1.625 0.059706
1.65 0.0606246
1.675 0.0615431
1.7 0.0624617
1.725 0.0633802
1.75 0.0642988
1.775 0.0652173
1.8 0.0661359
1.825 0.0670545
1.85 0.067973
1.875 0.0688916
1.9 0.0698101
1.925 0.0707287
1.95 0.0716472
1.975 0.0725658
2 0.0734843
2.025 0.0744029
2.05 0.0753214
2.075 0.07624
2.1 0.0771585
2.125 0.0780771
2.15 0.0789957
2.175 0.0799142
2.2 0.0808328
2.225 0.0817513
2.25 0.0826699
2.275 0.0835884
2.3 0.084507
2.325 0.0854255
2.35 0.0863441
2.375 0.0872626
2.4 0.0881812
2.425 0.0890998
2.45 0.0900183
2.475 0.0909369
2.5 0.0918554
2.525 0.092774
2.55 0.0936925
2.575 0.0946111
2.6 0.0955296
2.625 0.0964482
2.65 0.0973667
2.675 0.0982853
2.7 0.0992038
2.725 0.100122
2.75 0.101041
2.775 0.10196
2.8 0.102878
2.825 0.103797
2.85 0.104715
2.875 0.105634
2.9 0.106552
2.925 0.107471
2.95 0.108389
2.975 0.109308
3 0.110226
3.025 0.111145
3.05 0.112064
3.075 0.112982
3.1 0.113901
3.125 0.114819
3.15 0.115738
3.175 0.116656
3.2 0.117575
3.225 0.118493
3.25 0.119412
3.275 0.120331
3.3 0.121249
3.325 0.122168
3.35 0.123086
3.375 0.124005
3.4 0.124923
3.425 0.125842
3.45 0.12676
3.475 0.127679
3.5 0.128598
3.525 0.129516
3.55 0.130435
3.575 0.131353
3.6 0.132272
3.625 0.13319
3.65 0.134109
3.675 0.135027
3.7 0.135946
3.725 0.136865
3.75 0.137783
3.775 0.138702
3.8 0.13962
3.825 0.140539
3.85 0.141457
3.875 0.142376
3.9 0.143294
3.925 0.144213
3.95 0.145132
3.975 0.14605
4 0.146969
4.025 0.147887
4.05 0.148806
4.075 0.149724
4.1 0.150643
4.125 0.151561
4.15 0.15248
4.175 0.153399
4.2 0.154317
4.225 0.155236
4.25 0.156154
4.275 0.157073
4.3 0.157991
4.325 0.15891
4.35 0.159828
4.375 0.160747
4.4 0.161666
4.425 0.162584
4.45 0.163503
4.475 0.164421
4.5 0.16534
4.525 0.166258
4.55 0.167177
4.575 0.168095
4.6 0.169014
4.625 0.169933
4.65 0.170851
4.675 0.17177
4.7 0.172688
4.725 0.173607
4.75 0.174525
4.775 0.175444
4.8 0.176362
4.825 0.177281
4.85 0.1782
4.875 0.179118
4.9 0.180037
4.925 0.180955
4.95 0.181874
4.975 0.182792
