0 -0.0291337
0.025 -0.0160877
0.05 0.00757916
0.075 0.0384003
0.1 0.0713307
0.125 0.101194
0.15 0.124126
0.175 0.138572
0.2 0.145531
0.225 0.148008
0.25 0.149892
0.275 0.154627
0.3 0.164142
0.325 0.17835
0.35 0.195361
0.375 0.212277
0.4 0.226272
0.425 0.235569
0.45 0.239986
0.475 0.240888
0.5 0.240605
0.525 0.241541
0.55 0.245324
0.575 0.252278
0.6 0.261396
0.625 0.270791
0.65 0.278441
0.675 0.282936
0.7 0.283966
0.725 0.282376
0.75 0.279803
0.775 0.278033
0.8 0.278345
0.825 0.281062
0.85 0.285487
0.875 0.290213
0.9 0.293685
0.925 0.294791
0.95 0.29326
0.975 0.289736
1 0.285499
1.025 0.281963
1.05 0.280146
1.075 0.280303
1.1 0.281865
1.125 0.283686
1.15 0.284501
1.175 0.283412
1.2 0.280219
1.225 0.275473
1.25 0.270248
1.275 0.265718
1.3 0.262711
1.325 0.261408
1.35 0.261295
1.375 0.261382
1.4 0.2606
1.425 0.258208
1.45 0.254073
1.475 0.248705
1.5 0.243048
1.525 0.23811
1.55 0.234577
1.575 0.232559
1.6 0.231567
1.625 0.230713
1.65 0.229063
1.675 0.225998
1.7 0.221447
1.725 0.215902
1.75 0.21022
1.775 0.205287
1.8 0.20168
1.825 0.199448
1.85 0.198108
1.875 0.196841
1.9 0.194813
1.925 0.191502
1.95 0.186891
1.975 0.181469
2 0.176034
2.025 0.171381
2.05 0.167995
2.075 0.165873
2.1 0.164527
2.125 0.163186
2.15 0.161095
2.175 0.15781
2.2 0.153363
2.225 0.148249
2.25 0.143224
2.275 0.139013
2.3 0.136027
2.325 0.134211
2.35 0.133069
2.375 0.131861
2.4 0.129895
2.425 0.126792
2.45 0.122634
2.475 0.117925
2.5 0.113394
2.525 0.109707
2.55 0.107214
2.575 0.105811
2.6 0.104988
2.625 0.104027
2.65 0.102285
2.675 0.0994416
2.7 0.0956245
2.725 0.091354
2.75 0.0873399
2.775 0.0842043
2.8 0.0822395
2.825 0.0812965
2.85 0.0808444
2.875 0.0801793
2.9 0.0786987
2.925 0.0761359
2.95 0.0726627
2.975 0.0688209
3 0.0653102
3.025 0.0627151
3.05 0.0612768
3.075 0.0608003
3.1 0.0607304
3.125 0.0603692
3.15 0.0591479
3.175 0.0568488
3.2 0.0536897
3.225 0.0502388
3.25 0.0471932
3.275 0.0451061
3.3 0.044171
3.325 0.0441452
3.35 0.0444444
3.375 0.0443694
3.4 0.0433795
3.425 0.0413037
3.45 0.0384083
3.475 0.0352938
3.5 0.0326616
3.525 0.0310393
3.55 0.0305741
3.575 0.0309731
3.6 0.0316159
3.625 0.0317955
3.65 0.0309942
3.675 0.0290868
3.7 0.026392
3.725 0.0235501
3.75 0.021274
3.775 0.0200708
3.8 0.0200413
3.825 0.0208378
3.85 0.0217959
3.875 0.0221928
3.9 0.021529
3.925 0.019726
3.95 0.017161
3.975 0.0145227
4 0.0125447
4.025 0.0117179
4.05 0.012096
4.075 0.0132688
4.1 0.014518
4.125 0.015095
4.15 0.0145139
4.175 0.0127449
4.2 0.0102319
4.225 0.00772455
4.25 0.00598787
4.275 0.00550248
4.3 0.00627173
4.325 0.00781308
4.35 0.00933989
4.375 0.0100651
4.4 0.00951001
4.425 0.00769686
4.45 0.00514877
4.475 0.00269293
4.5 0.00114137
4.525 0.000971903
4.55 0.0021341
4.575 0.0040587
4.6 0.0058704
4.625 0.00672487
4.65 0.00614038
4.675 0.00419433
4.7 0.001505
4.725 -0.000998747
4.75 -0.00243443
4.775 -0.00231248
4.8 -0.000736838
4.825 0.00162213
4.85 0.00377708
4.875 0.00480309
4.9 0.00420188
4.925 0.0021081
4.95 -0.000746819
4.975 -0.0033053
