0 -6.28047e-12
0.025 0.0155625
0.05 0.0303829
0.075 0.0444844
0.1 0.0578896
0.125 0.0706206
0.15 0.0826989
0.175 0.0941455
0.2 0.104981
0.225 0.115225
0.25 0.124898
0.275 0.134019
0.3 0.142605
0.325 0.150676
0.35 0.158249
0.375 0.165342
0.4 0.17197
0.425 0.178151
0.45 0.183901
0.475 0.189234
0.5 0.194167
0.525 0.198714
0.55 0.202889
0.575 0.206707
0.6 0.210181
0.625 0.213324
0.65 0.216149
0.675 0.218669
0.7 0.220896
0.725 0.222842
0.75 0.224519
0.775 0.225937
0.8 0.227107
0.825 0.228041
0.85 0.228748
0.875 0.229238
0.9 0.229522
0.925 0.229607
0.95 0.229505
0.975 0.229223
1 0.22877
1.025 0.228154
1.05 0.227384
1.075 0.226467
1.1 0.22541
1.125 0.224222
1.15 0.222909
1.175 0.221478
1.2 0.219936
1.225 0.218289
1.25 0.216543
1.275 0.214704
1.3 0.212779
1.325 0.210772
1.35 0.20869
1.375 0.206536
1.4 0.204317
1.425 0.202037
1.45 0.199701
1.475 0.197314
1.5 0.194879
1.525 0.1924
1.55 0.189883
1.575 0.18733
1.6 0.184746
1.625 0.182133
1.65 0.179496
1.675 0.176838
1.7 0.174161
1.725 0.171469
1.75 0.168765
1.775 0.166051
1.8 0.16333
1.825 0.160605
1.85 0.157877
1.875 0.15515
1.9 0.152426
1.925 0.149705
1.95 0.146992
1.975 0.144286
2 0.141591
2.025 0.138908
2.05 0.136238
2.075 0.133583
2.1 0.130945
2.125 0.128324
2.15 0.125723
2.175 0.123142
2.2 0.120582
2.225 0.118044
2.25 0.11553
2.275 0.113041
2.3 0.110577
2.325 0.108138
2.35 0.105727
2.375 0.103343
2.4 0.100987
2.425 0.0986597
2.45 0.0963618
2.475 0.0940935
2.5 0.0918554
2.525 0.0896478
2.55 0.0874711
2.575 0.0853256
2.6 0.0832115
2.625 0.0811291
2.65 0.0790786
2.675 0.0770601
2.7 0.0750738
2.725 0.0731197
2.75 0.0711979
2.775 0.0693085
2.8 0.0674514
2.825 0.0656266
2.85 0.0638341
2.875 0.0620739
2.9 0.0603458
2.925 0.0586497
2.95 0.0569854
2.975 0.055353
3 0.0537521
3.025 0.0521825
3.05 0.0506442
3.075 0.0491368
3.1 0.0476602
3.125 0.0462141
3.15 0.0447982
3.175 0.0434122
3.2 0.042056
3.225 0.0407292
3.25 0.0394314
3.275 0.0381625
3.3 0.036922
3.325 0.0357098
3.35 0.0345253
3.375 0.0333683
3.4 0.0322385
3.425 0.0311355
3.45 0.0300589
3.475 0.0290084
3.5 0.0279837
3.525 0.0269843
3.55 0.0260099
3.575 0.0250601
3.6 0.0241346
3.625 0.0232329
3.65 0.0223547
3.675 0.0214997
3.7 0.0206673
3.725 0.0198573
3.75 0.0190692
3.775 0.0183027
3.8 0.0175574
3.825 0.0168328
3.85 0.0161287
3.875 0.0154445
3.9 0.0147799
3.925 0.0141346
3.95 0.013508
3.975 0.0128999
4 0.0123098
4.025 0.0117373
4.05 0.0111821
4.075 0.0106437
4.1 0.0101217
4.125 0.00961575
4.15 0.00912542
4.175 0.00865033
4.2 0.00819005
4.225 0.0077442
4.25 0.00731237
4.275 0.00689413
4.3 0.0064891
4.325 0.00609686
4.35 0.00571699
4.375 0.00534908
4.4 0.00499272
4.425 0.00464749
4.45 0.00431295
4.475 0.0039887
4.5 0.00367431
4.525 0.00336934
4.55 0.00307336
4.575 0.00278594
4.6 0.00250663
4.625 0.00223499
4.65 0.00197059
4.675 0.00171295
4.7 0.00146164
4.725 0.00121619
4.75 0.000976133
4.775 0.000741005
4.8 0.000510331
4.825 0.000283633
4.85 6.04273e-05
4.875 -0.000159774
4.9 -0.000377467
4.925 -0.000593149
4.95 -0.000807326
4.975 -0.00102051
