0 1.02288e-14
0.025 0.0151536
0.05 0.0296219
0.075 0.0434239
0.1 0.0565778
0.125 0.0691018
0.15 0.0810137
0.175 0.0923311
0.2 0.103071
0.225 0.11325
0.25 0.122886
0.275 0.131993
0.3 0.140589
0.325 0.148689
0.35 0.156308
0.375 0.163461
0.4 0.170162
0.425 0.176428
0.45 0.182271
0.475 0.187705
0.5 0.192745
0.525 0.197403
0.55 0.201692
0.575 0.205626
0.6 0.209217
0.625 0.212477
0.65 0.215418
0.675 0.218051
0.7 0.220389
0.725 0.222442
0.75 0.224222
0.775 0.225739
0.8 0.227003
0.825 0.228025
0.85 0.228815
0.875 0.229382
0.9 0.229737
0.925 0.229887
0.95 0.229843
0.975 0.229613
1 0.229206
1.025 0.228629
1.05 0.227892
1.075 0.227002
1.1 0.225967
1.125 0.224793
1.15 0.22349
1.175 0.222063
1.2 0.22052
1.225 0.218866
1.25 0.21711
1.275 0.215256
1.3 0.213312
1.325 0.211282
1.35 0.209173
1.375 0.206991
1.4 0.20474
1.425 0.202425
1.45 0.200053
1.475 0.197627
1.5 0.195152
1.525 0.192633
1.55 0.190074
1.575 0.187479
1.6 0.184853
1.625 0.182199
1.65 0.17952
1.675 0.176821
1.7 0.174105
1.725 0.171375
1.75 0.168633
1.775 0.165885
1.8 0.163131
1.825 0.160374
1.85 0.157618
1.875 0.154865
1.9 0.152117
1.925 0.149377
1.95 0.146645
1.975 0.143925
2 0.141219
2.025 0.138527
2.05 0.135852
2.075 0.133195
2.1 0.130558
2.125 0.127942
2.15 0.125348
2.175 0.122777
2.2 0.120231
2.225 0.11771
2.25 0.115216
2.275 0.112748
2.3 0.110309
2.325 0.107898
2.35 0.105515
2.375 0.103163
2.4 0.10084
2.425 0.0985478
2.45 0.0962861
2.475 0.0940552
2.5 0.0918554
2.525 0.0896868
2.55 0.0875494
2.575 0.0854434
2.6 0.0833686
2.625 0.081325
2.65 0.0793126
2.675 0.0773311
2.7 0.0753805
2.725 0.0734604
2.75 0.0715707
2.775 0.0697112
2.8 0.0678814
2.825 0.0660812
2.85 0.0643101
2.875 0.062568
2.9 0.0608543
2.925 0.0591688
2.95 0.057511
2.975 0.0558806
3 0.0542773
3.025 0.0527006
3.05 0.0511502
3.075 0.0496257
3.1 0.0481268
3.125 0.0466532
3.15 0.0452044
3.175 0.0437802
3.2 0.0423803
3.225 0.0410045
3.25 0.0396526
3.275 0.0383242
3.3 0.0370192
3.325 0.0357376
3.35 0.0344792
3.375 0.0332439
3.4 0.0320317
3.425 0.0308427
3.45 0.0296769
3.475 0.0285345
3.5 0.0274156
3.525 0.0263205
3.55 0.0252495
3.575 0.0242029
3.6 0.0231813
3.625 0.022185
3.65 0.0212146
3.675 0.0202709
3.7 0.0193545
3.725 0.0184662
3.75 0.0176068
3.775 0.0167775
3.8 0.0159792
3.825 0.0152131
3.85 0.0144804
3.875 0.0137824
3.9 0.0131206
3.925 0.0124966
3.95 0.0119119
3.975 0.0113684
4 0.0108678
4.025 0.0104122
4.05 0.0100037
4.075 0.00964438
4.1 0.00933669
4.125 0.00908305
4.15 0.00888605
4.175 0.0087484
4.2 0.00867294
4.225 0.00866266
4.25 0.00872067
4.275 0.00885024
4.3 0.00905478
4.325 0.00933783
4.35 0.00970309
4.375 0.0101544
4.4 0.0106959
4.425 0.0113315
4.45 0.0120658
4.475 0.0129031
4.5 0.0138481
4.525 0.0149057
4.55 0.0160809
4.575 0.0173788
4.6 0.0188047
4.625 0.0203643
4.65 0.0220632
4.675 0.0239073
4.7 0.0259028
4.725 0.0280559
4.75 0.030373
4.775 0.0328609
4.8 0.0355264
4.825 0.0383766
4.85 0.0414188
4.875 0.0446604
4.9 0.0481093
4.925 0.0517732
4.95 0.0556603
4.975 0.059779
