0 -0.0444093
0.025 -0.036676
0.05 -0.0238893
0.075 -0.00638066
0.1 0.0151862
0.125 0.0398656
0.15 0.0665046
0.175 0.0938347
0.2 0.120573
0.225 0.145522
0.25 0.167664
0.275 0.186234
0.3 0.200773
0.325 0.211153
0.35 0.21757
0.375 0.220517
0.4 0.220719
0.425 0.219063
0.45 0.216507
0.475 0.213993
0.5 0.212359
0.525 0.212269
0.55 0.214156
0.575 0.218201
0.6 0.22432
0.625 0.232193
0.65 0.241303
0.675 0.250999
0.7 0.260567
0.725 0.269304
0.75 0.27659
0.775 0.281946
0.8 0.285081
0.825 0.285909
0.85 0.28456
0.875 0.28135
0.9 0.27675
0.925 0.271331
0.95 0.265701
0.975 0.260446
1 0.25607
1.025 0.252946
1.05 0.251282
1.075 0.251111
1.1 0.252288
1.125 0.254514
1.15 0.257374
1.175 0.260385
1.2 0.263046
1.225 0.264898
1.25 0.265565
1.275 0.264796
1.3 0.26249
1.325 0.2587
1.35 0.253623
1.375 0.247583
1.4 0.240986
1.425 0.234278
1.45 0.2279
1.475 0.222239
1.5 0.217588
1.525 0.21412
1.55 0.21187
1.575 0.210737
1.6 0.210499
1.625 0.210836
1.65 0.21137
1.675 0.211708
1.7 0.211482
1.725 0.210391
1.75 0.208231
1.775 0.204916
1.8 0.200486
1.825 0.1951
1.85 0.189016
1.875 0.182565
1.9 0.176109
1.925 0.170007
1.95 0.164573
1.975 0.160044
2 0.156557
2.025 0.154131
2.05 0.152675
2.075 0.151992
2.1 0.151807
2.125 0.151796
2.15 0.151623
2.175 0.150977
2.2 0.149604
2.225 0.147337
2.25 0.14411
2.275 0.139967
2.3 0.135055
2.325 0.129607
2.35 0.123913
2.375 0.118293
2.4 0.113057
2.425 0.108475
2.45 0.104745
2.475 0.101973
2.5 0.100164
2.525 0.0992194
2.55 0.0989514
2.575 0.0991031
2.6 0.0993775
2.625 0.0994704
2.65 0.099104
2.675 0.0980571
2.7 0.0961891
2.725 0.0934546
2.75 0.0899085
2.775 0.0856985
2.8 0.081049
2.825 0.0762357
2.85 0.071555
2.875 0.0672915
2.9 0.0636865
2.925 0.0609117
2.95 0.0590508
2.975 0.0580902
3 0.0579213
3.025 0.0583522
3.05 0.0591297
3.075 0.0599669
3.1 0.0605748
3.125 0.0606947
3.15 0.0601259
3.175 0.0587483
3.2 0.0565351
3.225 0.0535559
3.25 0.0499685
3.275 0.046002
3.3 0.041931
3.325 0.0380451
3.35 0.0346175
3.375 0.0318744
3.4 0.0299699
3.425 0.0289689
3.45 0.02884
3.475 0.0294586
3.5 0.0306203
3.525 0.0320635
3.55 0.033498
3.575 0.0346371
3.6 0.035229
3.625 0.0350847
3.65 0.0340993
3.675 0.0322637
3.7 0.029666
3.725 0.0264821
3.75 0.0229564
3.775 0.0193756
3.8 0.0160367
3.825 0.0132143
3.85 0.0111301
3.875 0.00992801
3.9 0.00965778
3.925 0.0102686
3.95 0.0116142
3.975 0.0134682
4 0.0155484
4.025 0.0175478
4.05 0.0191678
4.075 0.0201518
4.1 0.0203134
4.125 0.0195581
4.15 0.0178939
4.175 0.015432
4.2 0.0123751
4.225 0.00899602
4.25 0.00560811
4.275 0.00253119
4.3 5.61517e-05
4.325 -0.00158757
4.35 -0.0022581
4.375 -0.00191786
4.4 -0.000639092
4.425 0.00140268
4.45 0.00394669
4.475 0.0066745
4.5 0.00924433
4.525 0.0113284
4.55 0.0126494
4.575 0.0130116
4.6 0.0123236
4.625 0.0106102
4.65 0.00801133
4.675 0.00476834
4.7 0.00119913
4.725 -0.0023357
4.75 -0.00547186
4.775 -0.0078815
4.8 -0.00930994
4.825 -0.00960512
4.85 -0.00873615
4.875 -0.00679904
4.9 -0.00400851
4.925 -0.000676605
4.95 0.00281977
4.975 0.00607911
