0 7.38906
0.01 7.38241
0.02 7.36251
0.03 7.32949
0.04 7.28354
0.05 7.22496
0.06 7.15411
0.07 7.07142
0.08 6.9774
0.09 6.8726
0.1 6.75764
0.11 6.63318
0.12 6.49994
0.13 6.35866
0.14 6.21011
0.15 6.05506
0.16 5.89432
0.17 5.7287
0.18 5.559
0.19 5.38599
0.2 5.21048
0.21 5.0332
0.22 4.85488
0.23 4.67623
0.24 4.4979
0.25 4.32053
0.26 4.14469
0.27 3.97092
0.28 3.79971
0.29 3.63153
0.3 3.46676
0.31 3.30577
0.32 3.14886
0.33 2.9963
0.34 2.84833
0.35 2.70511
0.36 2.56679
0.37 2.43348
0.38 2.30525
0.39 2.18213
0.4 2.06414
0.41 1.95126
0.42 1.84344
0.43 1.74062
0.44 1.64272
0.45 1.54963
0.46 1.46123
0.47 1.37742
0.48 1.29803
0.49 1.22293
0.5 1.15197
0.51 1.08499
0.52 1.02183
0.53 0.962323
0.54 0.906316
0.55 0.853643
0.56 0.804147
0.57 0.757669
0.58 0.714055
0.59 0.673156
0.6 0.634826
0.61 0.598923
0.62 0.565312
0.63 0.53386
0.64 0.504444
0.65 0.476941
0.66 0.451239
0.67 0.427228
0.68 0.404804
0.69 0.383869
0.7 0.364331
0.71 0.346102
0.72 0.329098
0.73 0.313244
0.74 0.298464
0.75 0.284692
0.76 0.271862
0.77 0.259915
0.78 0.248795
0.79 0.238448
0.8 0.228827
0.81 0.219886
0.82 0.211582
0.83 0.203877
0.84 0.196734
0.85 0.190119
0.86 0.184001
0.87 0.178351
0.88 0.173143
0.89 0.168353
0.9 0.163958
0.91 0.159938
0.92 0.156274
0.93 0.152949
0.94 0.149948
0.95 0.147257
0.96 0.144864
0.97 0.142758
0.98 0.140929
0.99 0.139369
1 0.138071
1.01 0.137029
1.02 0.136239
1.03 0.135696
1.04 0.135398
1.05 0.135345
1.06 0.135535
1.07 0.13597
1.08 0.136651
1.09 0.137582
1.1 0.138767
1.11 0.140211
1.12 0.141921
1.13 0.143904
1.14 0.146169
1.15 0.148728
1.16 0.151591
1.17 0.154772
1.18 0.158285
1.19 0.162146
1.2 0.166374
1.21 0.170988
1.22 0.176009
1.23 0.181461
1.24 0.18737
1.25 0.193763
1.26 0.20067
1.27 0.208124
1.28 0.21616
1.29 0.224816
1.3 0.234133
1.31 0.244155
1.32 0.254929
1.33 0.266506
1.34 0.278941
1.35 0.292291
1.36 0.30662
1.37 0.321993
1.38 0.338482
1.39 0.356163
1.4 0.375115
1.41 0.395425
1.42 0.417183
1.43 0.440484
1.44 0.46543
1.45 0.492127
1.46 0.520688
1.47 0.55123
1.48 0.583876
1.49 0.618756
1.5 0.656002
1.51 0.695754
1.52 0.738156
1.53 0.783357
1.54 0.831507
1.55 0.882764
1.56 0.937286
1.57 0.995233
1.58 1.05677
1.59 1.12205
1.6 1.19124
1.61 1.2645
1.62 1.34199
1.63 1.42384
1.64 1.51021
1.65 1.60122
1.66 1.69699
1.67 1.79764
1.68 1.90325
1.69 2.0139
1.7 2.12965
1.71 2.25051
1.72 2.37649
1.73 2.50758
1.74 2.64371
1.75 2.78479
1.76 2.93069
1.77 3.08126
1.78 3.23628
1.79 3.39552
1.8 3.55867
1.81 3.7254
1.82 3.89533
1.83 4.06803
1.84 4.24302
1.85 4.41979
1.86 4.59778
1.87 4.77636
1.88 4.95491
1.89 5.13273
1.9 5.30912
1.91 5.48332
1.92 5.65457
1.93 5.82209
1.94 5.98507
1.95 6.14271
1.96 6.29422
1.97 6.4388
1.98 6.57566
1.99 6.70407
2 6.82328
2.01 6.93263
2.02 7.03146
2.03 7.1192
2.04 7.19531
2.05 7.25933
2.06 7.31087
2.07 7.3496
2.08 7.37529
2.09 7.38777
2.1 7.38697
2.11 7.37288
2.12 7.34561
2.13 7.30531
2.14 7.25224
2.15 7.18674
2.16 7.10919
2.17 7.02008
2.18 6.91995
2.19 6.80937
2.2 6.68901
2.21 6.55954
2.22 6.4217
2.23 6.27624
2.24 6.12395
2.25 5.96562
2.26 5.80205
2.27 5.63404
2.28 5.46239
2.29 5.28788
2.3 5.11128
2.31 4.93333
2.32 4.75475
2.33 4.5762
2.34 4.39833
2.35 4.22175
2.36 4.047
2.37 3.87461
2.38 3.70505
2.39 3.53873
2.4 3.37604
2.41 3.2173
2.42 3.0628
2.43 2.91279
2.44 2.76746
2.45 2.62697
2.46 2.49145
2.47 2.36098
2.48 2.23561
2.49 2.11537
2.5 2.00025
2.51 1.89021
2.52 1.7852
2.53 1.68515
2.54 1.58995
2.55 1.49951
2.56 1.4137
2.57 1.33238
2.58 1.25542
2.59 1.18266
2.6 1.11395
2.61 1.04913
2.62 0.988035
2.63 0.930511
2.64 0.876393
2.65 0.82552
2.66 0.777734
2.67 0.732881
2.68 0.690807
2.69 0.651365
2.7 0.614413
2.71 0.579811
2.72 0.547426
2.73 0.51713
2.74 0.488801
2.75 0.462321
2.76 0.43758
2.77 0.41447
2.78 0.392893
2.79 0.372752
2.8 0.353958
2.81 0.336426
2.82 0.320075
2.83 0.304832
2.84 0.290625
2.85 0.277389
2.86 0.265061
2.87 0.253584
2.88 0.242904
2.89 0.23297
2.9 0.223735
2.91 0.215156
2.92 0.207192
2.93 0.199806
2.94 0.192963
2.95 0.18663
2.96 0.180778
2.97 0.175379
2.98 0.170408
2.99 0.165842
3 0.16166
3.01 0.157841
3.02 0.15437
3.03 0.151228
3.04 0.148402
3.05 0.14588
3.06 0.143649
3.07 0.141699
3.08 0.140022
3.09 0.13861
3.1 0.137456
3.11 0.136556
3.12 0.135904
3.13 0.135499
3.14 0.135338
3.15 0.135421
3.16 0.135749
3.17 0.136321
3.18 0.137142
3.19 0.138215
3.2 0.139544
3.21 0.141136
3.22 0.142998
3.23 0.145138
3.24 0.147567
3.25 0.150294
3.26 0.153334
3.27 0.156699
3.28 0.160405
3.29 0.16447
3.3 0.168911
3.31 0.173751
3.32 0.179011
3.33 0.184715
3.34 0.190892
3.35 0.197569
3.36 0.204779
3.37 0.212554
3.38 0.220933
3.39 0.229954
3.4 0.239661
3.41 0.250098
3.42 0.261316
3.43 0.273366
3.44 0.286307
3.45 0.300198
3.46 0.315103
3.47 0.331093
3.48 0.34824
3.49 0.366624
3.5 0.386326
3.51 0.407436
3.52 0.430046
3.53 0.454257
3.54 0.480171
3.55 0.507898
3.56 0.537555
3.57 0.569261
3.58 0.603142
3.59 0.639331
3.6 0.677965
3.61 0.719184
3.62 0.763136
3.63 0.809971
3.64 0.859844
3.65 0.912911
3.66 0.969333
3.67 1.02927
3.68 1.09289
3.69 1.16034
3.7 1.23179
3.71 1.3074
3.72 1.38732
3.73 1.47168
3.74 1.56064
3.75 1.6543
3.76 1.7528
3.77 1.85622
3.78 1.96465
3.79 2.07815
3.8 2.19676
3.81 2.32049
3.82 2.44934
3.83 2.58326
3.84 2.72218
3.85 2.86598
3.86 3.01452
3.87 3.16761
3.88 3.32503
3.89 3.4865
3.9 3.6517
3.91 3.82027
3.92 3.99181
3.93 4.16586
3.94 4.34192
3.95 4.51944
3.96 4.69784
3.97 4.87648
3.98 5.05471
3.99 5.23182
4 5.40707
4.01 5.57972
4.02 5.74897
4.03 5.91405
4.04 6.07414
4.05 6.22844
4.06 6.37616
4.07 6.51651
4.08 6.64872
4.09 6.77206
4.1 6.88583
4.11 6.98936
4.12 7.08204
4.13 7.16332
4.14 7.23271
4.15 7.28978
4.16 7.33417
4.17 7.36562
4.18 7.38392
4.19 7.38896
4.2 7.38071
4.21 7.35921
4.22 7.32461
4.23 7.27712
4.24 7.21704
4.25 7.14473
4.26 7.06064
4.27 6.96528
4.28 6.85921
4.29 6.74307
4.3 6.61752
4.31 6.48327
4.32 6.34106
4.33 6.19168
4.34 6.0359
4.35 5.87453
4.36 5.70837
4.37 5.53823
4.38 5.36488
4.39 5.18911
4.4 5.01166
4.41 4.83327
4.42 4.65463
4.43 4.47638
4.44 4.29916
4.45 4.12354
4.46 3.95006
4.47 3.7792
4.48 3.6114
4.49 3.44707
4.5 3.28656
4.51 3.13017
4.52 2.97816
4.53 2.83074
4.54 2.68811
4.55 2.5504
4.56 2.4177
4.57 2.29008
4.58 2.16759
4.59 2.05022
4.6 1.93795
4.61 1.83074
4.62 1.72852
4.63 1.6312
4.64 1.53868
4.65 1.45085
4.66 1.36758
4.67 1.28872
4.68 1.21413
4.69 1.14366
4.7 1.07715
4.71 1.01444
4.72 0.955365
4.73 0.899769
4.74 0.84749
4.75 0.798366
4.76 0.752243
4.77 0.708966
4.78 0.668385
4.79 0.630356
4.8 0.594738
4.81 0.561394
4.82 0.530196
4.83 0.501017
4.84 0.473738
4.85 0.448247
4.86 0.424433
4.87 0.402194
4.88 0.381433
4.89 0.362058
4.9 0.343981
4.91 0.327121
4.92 0.3114
4.93 0.296746
4.94 0.283091
4.95 0.270371
4.96 0.258527
4.97 0.247503
4.98 0.237247
4.99 0.22771
5 0.218848
