0 7.38906
0.025 7.32883
0.05 7.2686
0.075 7.20837
0.1 7.14814
0.125 7.08791
0.15 7.02769
0.175 6.96746
0.2 6.90723
0.225 6.847
0.25 6.78677
0.275 6.72654
0.3 6.66632
0.325 6.60609
0.35 6.54586
0.375 6.48563
0.4 6.4254
0.425 6.36517
0.45 6.30495
0.475 6.24472
0.5 6.18449
0.525 6.12426
0.55 6.06403
0.575 6.00381
0.6 5.94358
0.625 5.88335
0.65 5.82312
0.675 5.76289
0.7 5.70266
0.725 5.64244
0.75 5.58221
0.775 5.52198
0.8 5.46175
0.825 5.40152
0.85 5.34129
0.875 5.28107
0.9 5.22084
0.925 5.16061
0.95 5.10038
0.975 5.04015
1 4.97992
1.025 4.9197
1.05 4.85947
1.075 4.79924
1.1 4.73901
1.125 4.67878
1.15 4.61855
1.175 4.55833
1.2 4.4981
1.225 4.43787
1.25 4.37764
1.275 4.31741
1.3 4.25718
1.325 4.19696
1.35 4.13673
1.375 4.0765
1.4 4.01627
1.425 3.95604
1.45 3.89581
1.475 3.83559
1.5 3.77536
1.525 3.71513
1.55 3.6549
1.575 3.59467
1.6 3.53444
1.625 3.47422
1.65 3.41399
1.675 3.35376
1.7 3.29353
1.725 3.2333
1.75 3.17307
1.775 3.11285
1.8 3.05262
1.825 2.99239
1.85 2.93216
1.875 2.87193
1.9 2.81171
1.925 2.75148
1.95 2.69125
1.975 2.63102
2 2.57079
2.025 2.51056
2.05 2.45034
2.075 2.39011
2.1 2.32988
2.125 2.26965
2.15 2.20942
2.175 2.14919
2.2 2.08897
2.225 2.02874
2.25 1.96851
2.275 1.90828
2.3 1.84805
2.325 1.78782
2.35 1.7276
2.375 1.66737
2.4 1.60714
2.425 1.54691
2.45 1.48668
2.475 1.42645
2.5 1.36623
2.525 1.306
2.55 1.24577
2.575 1.18554
2.6 1.12531
2.625 1.06508
2.65 1.00486
2.675 0.944628
2.7 0.8844
2.725 0.824171
2.75 0.763943
2.775 0.703715
2.8 0.643486
2.825 0.583258
2.85 0.52303
2.875 0.462801
2.9 0.402573
2.925 0.342345
2.95 0.282117
2.975 0.221888
3 0.16166
3.025 0.101432
3.05 0.0412033
3.075 -0.019025
3.1 -0.0792533
3.125 -0.139482
3.15 -0.19971
3.175 -0.259938
3.2 -0.320167
3.225 -0.380395
3.25 -0.440623
3.275 -0.500851
3.3 -0.56108
3.325 -0.621308
3.35 -0.681536
3.375 -0.741765
3.4 -0.801993
3.425 -0.862221
3.45 -0.92245
3.475 -0.982678
3.5 -1.04291
3.525 -1.10313
3.55 -1.16336
3.575 -1.22359
3.6 -1.28382
3.625 -1.34405
3.65 -1.40428
3.675 -1.4645
3.7 -1.52473
3.725 -1.58496
3.75 -1.64519
3.775 -1.70542
3.8 -1.76565
3.825 -1.82587
3.85 -1.8861
3.875 -1.94633
3.9 -2.00656
3.925 -2.06679
3.95 -2.12702
3.975 -2.18724
4 -2.24747
4.025 -2.3077
4.05 -2.36793
4.075 -2.42816
4.1 -2.48839
4.125 -2.54861
4.15 -2.60884
4.175 -2.66907
4.2 -2.7293
4.225 -2.78953
4.25 -2.84976
4.275 -2.90998
4.3 -2.97021
4.325 -3.03044
4.35 -3.09067
4.375 -3.1509
4.4 -3.21112
4.425 -3.27135
4.45 -3.33158
4.475 -3.39181
4.5 -3.45204
4.525 -3.51227
4.55 -3.57249
4.575 -3.63272
4.6 -3.69295
4.625 -3.75318
4.65 -3.81341
4.675 -3.87364
4.7 -3.93386
4.725 -3.99409
4.75 -4.05432
4.775 -4.11455
4.8 -4.17478
4.825 -4.23501
4.85 -4.29523
4.875 -4.35546
4.9 -4.41569
4.925 -4.47592
4.95 -4.53615
4.975 -4.59638
