0 12.4306
0.025 12.2544
0.05 11.6892
0.075 10.7864
0.1 9.6193
0.125 8.27674
0.15 6.85574
0.175 5.4535
0.2 4.15962
0.225 3.04922
0.25 2.17743
0.275 1.57582
0.3 1.25099
0.325 1.18526
0.35 1.33964
0.375 1.65834
0.4 2.07475
0.425 2.51806
0.45 2.91996
0.475 3.22086
0.5 3.37505
0.525 3.35432
0.55 3.14982
0.575 2.77209
0.6 2.24919
0.625 1.62332
0.65 0.946203
0.675 0.273787
0.7 -0.339291
0.725 -0.844894
0.75 -1.20577
0.775 -1.39875
0.8 -1.41652
0.825 -1.26776
0.85 -0.975907
0.875 -0.57642
0.9 -0.113118
0.925 0.366182
0.95 0.814228
0.975 1.18868
1 1.45587
1.025 1.59352
1.05 1.59248
1.075 1.45697
1.1 1.20376
1.125 0.860142
1.15 0.461057
1.175 0.0456185
1.2 -0.346559
1.225 -0.678929
1.25 -0.921136
1.275 -1.05143
1.3 -1.05818
1.325 -0.940426
1.35 -0.707426
1.375 -0.377313
1.4 0.0249608
1.425 0.470178
1.45 0.927659
1.475 1.36804
1.5 1.76578
1.525 2.10123
1.55 2.36205
1.575 2.54396
1.6 2.65074
1.625 2.69364
1.65 2.69008
1.675 2.66209
1.7 2.63429
1.725 2.63195
1.75 2.67892
1.775 2.79589
1.8 2.99885
1.825 3.29797
1.85 3.69688
1.875 4.19234
1.9 4.77435
1.925 5.42662
1.95 6.12732
1.975 6.85015
2 7.5656
2.025 8.24233
2.05 8.84875
2.075 9.35455
2.1 9.73229
2.125 9.95893
2.15 10.0173
2.175 9.89701
2.2 9.59588
2.225 9.12006
2.25 8.48437
2.275 7.71194
2.3 6.83333
2.325 5.88516
2.35 4.90823
2.375 3.94523
2.4 3.0382
2.425 2.22582
2.45 1.54082
2.475 1.00765
2.5 0.64064
2.525 0.442771
2.55 0.405347
2.575 0.508475
2.6 0.722473
2.625 1.0101
2.65 1.32949
2.675 1.63751
2.7 1.89335
2.725 2.06202
2.75 2.11735
2.775 2.04443
2.8 1.84095
2.825 1.51753
2.85 1.0969
2.875 0.611938
2.9 0.102672
2.925 -0.387332
2.95 -0.815072
2.975 -1.14222
3 -1.33888
3.025 -1.38662
3.05 -1.28052
3.075 -1.02992
3.1 -0.657852
3.125 -0.199155
3.15 0.302633
3.175 0.799255
3.2 1.24228
3.225 1.58775
3.25 1.80059
3.275 1.85811
3.3 1.75258
3.325 1.49225
3.35 1.10103
3.375 0.616495
3.4 0.0866767
3.425 -0.434301
3.45 -0.891206
3.475 -1.23289
3.5 -1.41717
3.525 -1.41497
3.55 -1.2132
3.575 -0.816181
3.6 -0.245468
3.625 0.46208
3.65 1.25765
3.675 2.08506
3.7 2.88606
3.725 3.60592
3.75 4.19871
3.775 4.6318
3.8 4.88907
3.825 4.97253
3.85 4.9022
3.875 4.71422
3.9 4.4573
3.925 4.18792
3.95 3.96465
3.975 3.84226
4 3.86596
4.025 4.06662
4.05 4.45724
4.075 5.03103
4.1 5.7615
4.125 6.60432
4.15 7.50094
4.175 8.38371
4.2 9.18175
4.225 9.8274
4.25 10.2623
4.275 10.4428
4.3 10.344
4.325 9.96191
4.35 9.3142
4.375 8.43854
4.4 7.38936
4.425 6.23305
4.45 5.04217
4.475 3.8892
4.5 2.84035
4.525 1.95011
4.55 1.25699
4.575 0.780781
4.6 0.521692
4.625 0.461287
4.65 0.565153
4.675 0.786977
4.7 1.07362
4.725 1.37067
4.75 1.62782
4.775 1.80378
4.8 1.8699
4.825 1.81254
4.85 1.63364
4.875 1.34979
4.9 0.989683
4.925 0.590427
4.95 0.19303
4.975 -0.16238
