0 12.7516
0.025 12.8726
0.05 12.9204
0.075 12.8931
0.1 12.7896
0.125 12.6093
0.15 12.353
0.175 12.0219
0.2 11.6185
0.225 11.1458
0.25 10.6078
0.275 10.0093
0.3 9.35581
0.325 8.6536
0.35 7.90948
0.375 7.13081
0.4 6.32541
0.425 5.50144
0.45 4.66733
0.475 3.83164
0.5 3.00296
0.525 2.18982
0.55 1.40055
0.575 0.643191
0.6 -0.0746073
0.625 -0.745701
0.65 -1.36353
0.675 -1.92223
0.7 -2.41667
0.725 -2.84255
0.75 -3.19644
0.775 -3.47584
0.8 -3.6792
0.825 -3.80592
0.85 -3.8564
0.875 -3.83198
0.9 -3.73494
0.925 -3.56849
0.95 -3.33666
0.975 -3.04429
1 -2.69696
1.025 -2.30085
1.05 -1.86274
1.075 -1.38981
1.1 -0.889618
1.125 -0.369962
1.15 0.161245
1.175 0.696073
1.2 1.22669
1.225 1.74549
1.25 2.24515
1.275 2.71881
1.3 3.1601
1.325 3.56326
1.35 3.92322
1.375 4.23565
1.4 4.49702
1.425 4.70466
1.45 4.85679
1.475 4.95251
1.5 4.99183
1.525 4.97565
1.55 4.90574
1.575 4.78471
1.6 4.61594
1.625 4.40355
1.65 4.1523
1.675 3.86753
1.7 3.55505
1.725 3.22108
1.75 2.87209
1.775 2.51477
1.8 2.15584
1.825 1.802
1.85 1.45981
1.875 1.13556
1.9 0.835202
1.925 0.564229
1.95 0.3276
1.975 0.129659
2 -0.0259393
2.025 -0.136282
2.05 -0.199249
2.075 -0.213548
2.1 -0.178732
2.125 -0.0952098
2.15 0.0357583
2.175 0.212082
2.2 0.430873
2.225 0.688488
2.25 0.980587
2.275 1.3022
2.3 1.64781
2.325 2.01142
2.35 2.38669
2.375 2.76699
2.4 3.14554
2.425 3.51548
2.45 3.87003
2.475 4.20256
2.5 4.50672
2.525 4.77652
2.55 5.00645
2.575 5.19156
2.6 5.32756
2.625 5.41085
2.65 5.43865
2.675 5.409
2.7 5.3208
2.725 5.17388
2.75 4.96896
2.775 4.70769
2.8 4.3926
2.825 4.02711
2.85 3.61547
2.875 3.16268
2.9 2.67447
2.925 2.1572
2.95 1.61778
2.975 1.06357
3 0.502272
3.025 -0.0581545
3.05 -0.609626
3.075 -1.14404
3.1 -1.65339
3.125 -2.12987
3.15 -2.56602
3.175 -2.95478
3.2 -3.28963
3.225 -3.56468
3.25 -3.77474
3.275 -3.91541
3.3 -3.98312
3.325 -3.97522
3.35 -3.88999
3.375 -3.72669
3.4 -3.48556
3.425 -3.1678
3.45 -2.77561
3.475 -2.3121
3.5 -1.78131
3.525 -1.18811
3.55 -0.538158
3.575 0.162167
3.6 0.905868
3.625 1.68541
3.65 2.49282
3.675 3.31979
3.7 4.1578
3.725 4.9982
3.75 5.83234
3.775 6.65167
3.8 7.44788
3.825 8.21295
3.85 8.93928
3.875 9.61979
3.9 10.248
3.925 10.818
3.95 11.3248
3.975 11.764
4 12.1322
4.025 12.4267
4.05 12.6457
4.075 12.7883
4.1 12.8546
4.125 12.8454
4.15 12.7623
4.175 12.6077
4.2 12.3849
4.225 12.0978
4.25 11.7506
4.275 11.3485
4.3 10.8968
4.325 10.4014
4.35 9.86818
4.375 9.30354
4.4 8.71375
4.425 8.10517
4.45 7.48405
4.475 6.8565
4.5 6.22837
4.525 5.60522
4.55 4.99222
4.575 4.39412
4.6 3.8152
4.625 3.2592
4.65 2.72936
4.675 2.22832
4.7 1.75819
4.725 1.32048
4.75 0.916176
4.775 0.545713
4.8 0.209033
4.825 -0.0943915
4.85 -0.365506
4.875 -0.605628
4.9 -0.816387
4.925 -0.999668
4.95 -1.15755
4.975 -1.29223
