0 7.42782
0.025 7.30384
0.05 7.07816
0.075 6.77756
0.1 6.42452
0.125 6.03773
0.15 5.63251
0.175 5.22122
0.2 4.81364
0.225 4.41728
0.25 4.03773
0.275 3.67893
0.3 3.34341
0.325 3.03255
0.35 2.74676
0.375 2.48569
0.4 2.24839
0.425 2.03344
0.45 1.83912
0.475 1.66347
0.5 1.50443
0.525 1.35991
0.55 1.22786
0.575 1.1063
0.6 0.99342
0.625 0.887575
0.65 0.787326
0.675 0.691458
0.7 0.59899
0.725 0.50918
0.75 0.421525
0.775 0.335753
0.8 0.251813
0.825 0.169862
0.85 0.0902458
0.875 0.0134799
0.9 -0.0597722
0.925 -0.128722
0.95 -0.192481
0.975 -0.250085
1 -0.300518
1.025 -0.342735
1.05 -0.375693
1.075 -0.398365
1.1 -0.409766
1.125 -0.408974
1.15 -0.395148
1.175 -0.367544
1.2 -0.325529
1.225 -0.2686
1.25 -0.196387
1.275 -0.108667
1.3 -0.00537129
1.325 0.113415
1.35 0.247445
1.375 0.396314
1.4 0.559457
1.425 0.736157
1.45 0.925545
1.475 1.12661
1.5 1.33822
1.525 1.5591
1.55 1.78789
1.575 2.02309
1.6 2.26317
1.625 2.50649
1.65 2.75136
1.675 2.99608
1.7 3.23889
1.725 3.47805
1.75 3.71182
1.775 3.93849
1.8 4.15638
1.825 4.36388
1.85 4.55945
1.875 4.74163
1.9 4.90906
1.925 5.06049
1.95 5.1948
1.975 5.31097
2 5.40816
2.025 5.48565
2.05 5.54287
2.075 5.57941
2.1 5.59502
2.125 5.5896
2.15 5.56322
2.175 5.5161
2.2 5.44861
2.225 5.36127
2.25 5.25474
2.275 5.12983
2.3 4.98747
2.325 4.8287
2.35 4.65467
2.375 4.46664
2.4 4.26594
2.425 4.054
2.45 3.83228
2.475 3.60231
2.5 3.36565
2.525 3.12388
2.55 2.87858
2.575 2.63136
2.6 2.38377
2.625 2.13737
2.65 1.89365
2.675 1.65409
2.7 1.42006
2.725 1.19291
2.75 0.973884
2.775 0.764147
2.8 0.564778
2.825 0.376763
2.85 0.200987
2.875 0.0382328
2.9 -0.110816
2.925 -0.245582
2.95 -0.365586
2.975 -0.470454
3 -0.559905
3.025 -0.633757
3.05 -0.691915
3.075 -0.734368
3.1 -0.761186
3.125 -0.772512
3.15 -0.768552
3.175 -0.749575
3.2 -0.715901
3.225 -0.667895
3.25 -0.605962
3.275 -0.530538
3.3 -0.442087
3.325 -0.341091
3.35 -0.22805
3.375 -0.103475
3.4 0.0321141
3.425 0.178192
3.45 0.334228
3.475 0.499688
3.5 0.674033
3.525 0.856717
3.55 1.04718
3.575 1.24487
3.6 1.44918
3.625 1.65951
3.65 1.87523
3.675 2.09566
3.7 2.32009
3.725 2.54775
3.75 2.77783
3.775 3.00943
3.8 3.24161
3.825 3.47334
3.85 3.70351
3.875 3.93092
3.9 4.15431
3.925 4.37231
3.95 4.58347
3.975 4.78628
4 4.97913
4.025 5.16036
4.05 5.32826
4.075 5.48109
4.1 5.61707
4.125 5.73444
4.15 5.83147
4.175 5.90645
4.2 5.95778
4.225 5.98395
4.25 5.98362
4.275 5.95561
4.3 5.89894
4.325 5.8129
4.35 5.69705
4.375 5.55127
4.4 5.3758
4.425 5.17125
4.45 4.93863
4.475 4.67937
4.5 4.39536
4.525 4.08893
4.55 3.76284
4.575 3.42031
4.6 3.06498
4.625 2.70088
4.65 2.33238
4.675 1.96418
4.7 1.6012
4.725 1.24851
4.75 0.91128
4.775 0.594629
4.8 0.30355
4.825 0.0427739
4.85 -0.183357
4.875 -0.371023
4.9 -0.517062
4.925 -0.619113
4.95 -0.675745
4.975 -0.686586
