0 11.7298
0.025 10.8871
0.05 9.54317
0.075 8.03755
0.1 6.69022
0.125 5.73347
0.15 5.26892
0.175 5.25843
0.2 5.54868
0.225 5.92145
0.25 6.15534
0.275 6.08329
0.3 5.6318
0.325 4.83347
0.35 3.81155
0.375 2.74226
0.4 1.8063
0.425 1.14234
0.45 0.814789
0.475 0.802917
0.5 1.01295
0.525 1.30837
0.55 1.54919
0.575 1.62925
0.6 1.50164
0.625 1.1863
0.65 0.758737
0.675 0.324318
0.7 -0.0139939
0.725 -0.185083
0.75 -0.168263
0.775 0.00362468
0.8 0.256641
0.825 0.499375
0.85 0.650478
0.875 0.661988
0.9 0.531874
0.925 0.302554
0.95 0.0463182
0.975 -0.157671
1 -0.247783
1.025 -0.198477
1.05 -0.0276165
1.075 0.209448
1.1 0.437131
1.125 0.582941
1.15 0.599918
1.175 0.48144
1.2 0.263976
1.225 0.0168384
1.25 -0.178135
1.275 -0.251073
1.3 -0.165535
1.325 0.0694913
1.35 0.400813
1.375 0.745465
1.4 1.0145
1.425 1.13947
1.45 1.09399
1.475 0.903958
1.5 0.643206
1.525 0.415148
1.55 0.325315
1.575 0.45213
1.6 0.824113
1.625 1.41012
1.65 2.12576
1.675 2.85479
1.7 3.48001
1.725 3.91546
1.75 4.13112
1.775 4.16308
1.8 4.10591
1.825 4.08868
1.85 4.24062
1.875 4.65512
1.9 5.36189
1.925 6.31451
1.95 7.39748
1.975 8.45108
2 9.30827
2.025 9.83423
2.05 9.95858
2.075 9.69189
2.1 9.12229
2.125 8.393
2.15 7.66639
2.175 7.08391
2.2 6.7319
2.225 6.62219
2.25 6.69197
2.275 6.82297
2.3 6.87459
2.325 6.72233
2.35 6.29143
2.375 5.57723
2.4 4.64701
2.425 3.62329
2.45 2.65311
2.475 1.87149
2.5 1.36863
2.525 1.16911
2.55 1.22837
2.575 1.44662
2.6 1.69642
2.625 1.85617
2.65 1.84063
2.675 1.62084
2.7 1.22841
2.725 0.743742
2.75 0.271967
2.775 -0.0866651
2.8 -0.263719
2.825 -0.239795
2.85 -0.0477655
2.875 0.238284
2.9 0.524845
2.925 0.725147
2.95 0.782361
2.975 0.683567
3 0.460999
3.025 0.180695
3.05 -0.0778039
3.075 -0.244684
3.1 -0.279354
3.125 -0.180813
3.15 0.0137614
3.175 0.241432
3.2 0.433002
3.225 0.533737
3.25 0.519231
3.275 0.401849
3.3 0.226042
3.325 0.0541149
3.35 -0.0531863
3.375 -0.0553706
3.4 0.0554569
3.425 0.252349
3.45 0.482094
3.475 0.682105
3.5 0.800563
3.525 0.813722
3.55 0.735009
3.575 0.612901
3.6 0.517877
3.625 0.522008
3.65 0.677106
3.675 0.997976
3.7 1.45606
3.725 1.98588
3.75 2.50298
3.775 2.92867
3.8 3.21453
3.825 3.35946
3.85 3.41371
3.875 3.46801
3.9 3.62981
3.925 3.99276
3.95 4.60745
3.975 5.46202
4 6.4783
4.025 7.5259
4.05 8.45107
4.075 9.11364
4.1 9.42228
4.125 9.35881
4.15 8.98434
4.175 8.42518
4.2 7.84131
4.225 7.38523
4.25 7.16182
4.275 7.19976
4.3 7.44257
4.325 7.76209
4.35 7.99156
4.375 7.97001
4.4 7.58669
4.425 6.81354
4.45 5.71712
4.475 4.44609
4.5 3.19702
4.525 2.16688
4.55 1.50432
4.575 1.2724
4.6 1.43249
4.625 1.85408
4.65 2.34795
4.675 2.71475
4.7 2.79618
4.725 2.51574
4.75 1.89824
4.775 1.0629
4.8 0.191706
4.825 -0.518777
4.85 -0.909645
4.875 -0.902112
4.9 -0.518993
4.925 0.120568
4.95 0.831891
4.975 1.41306
