0 12.3538
0.025 11.6128
0.05 10.0834
0.075 8.30203
0.1 6.79184
0.125 5.90931
0.15 5.75176
0.175 6.15332
0.2 6.76519
0.225 7.18939
0.25 7.11904
0.275 6.43825
0.3 5.25088
0.325 3.83262
0.35 2.52738
0.375 1.62636
0.4 1.27233
0.425 1.42055
0.45 1.86653
0.475 2.32731
0.5 2.54489
0.525 2.37466
0.55 1.82868
0.575 1.06118
0.6 0.304684
0.625 -0.218009
0.65 -0.37347
0.675 -0.161073
0.7 0.293299
0.725 0.78844
0.75 1.12328
0.775 1.16843
0.8 0.908358
0.825 0.44063
0.85 -0.0653326
0.875 -0.43319
0.9 -0.543761
0.925 -0.375282
0.95 -0.00655958
0.975 0.416253
1 0.735488
1.025 0.839195
1.05 0.69911
1.075 0.376686
1.1 -0.00337441
1.125 -0.300923
1.15 -0.411256
1.175 -0.300695
1.2 -0.014926
1.225 0.341425
1.25 0.645131
1.275 0.799128
1.3 0.765567
1.325 0.576098
1.35 0.317157
1.375 0.0969882
1.4 0.00720522
1.425 0.0927251
1.45 0.339999
1.475 0.686294
1.5 1.0452
1.525 1.33824
1.55 1.52128
1.575 1.59706
1.6 1.61109
1.625 1.63384
1.65 1.73666
1.675 1.97008
1.7 2.35121
1.725 2.86291
1.75 3.4632
1.775 4.1
1.8 4.72584
1.825 5.30781
1.85 5.83129
1.875 6.29782
1.9 6.71983
1.925 7.11442
1.95 7.49813
1.975 7.88275
2 8.27193
2.025 8.65801
2.05 9.01953
2.075 9.32104
2.1 9.51676
2.125 9.55922
2.15 9.41191
2.175 9.06262
2.2 8.53286
2.225 7.87857
2.25 7.18005
2.275 6.52224
2.3 5.97084
2.325 5.55219
2.35 5.24436
2.375 4.98416
2.4 4.68914
2.425 4.2879
2.45 3.74861
2.475 3.09506
2.5 2.40338
2.525 1.77926
2.55 1.32256
2.575 1.09152
2.6 1.07965
2.625 1.21444
2.65 1.37975
2.675 1.45477
2.7 1.35625
2.725 1.06874
2.75 0.651317
2.775 0.217469
2.8 -0.105458
2.825 -0.222986
2.85 -0.109479
2.875 0.180239
2.9 0.528602
2.925 0.796635
2.95 0.874276
2.975 0.721274
3 0.383283
3.025 -0.0234386
3.05 -0.353811
3.075 -0.487311
3.1 -0.373354
3.125 -0.0516214
3.15 0.360807
3.175 0.711466
3.2 0.868648
3.225 0.771022
3.25 0.452091
3.275 0.0297748
3.3 -0.335749
3.325 -0.500893
3.35 -0.392585
3.375 -0.0370132
3.4 0.448116
3.425 0.895726
3.45 1.15098
3.475 1.1298
3.5 0.852428
3.525 0.438945
3.55 0.0676379
3.575 -0.0892006
3.6 0.0713679
3.625 0.54392
3.65 1.21499
3.675 1.90341
3.7 2.42663
3.725 2.6689
3.75 2.62639
3.775 2.41189
3.8 2.21674
3.825 2.24294
3.85 2.62978
3.875 3.40149
3.9 4.45539
3.925 5.59518
3.95 6.59792
3.975 7.29082
4 7.61005
4.025 7.62046
4.05 7.48872
4.075 7.41976
4.1 7.5792
4.125 8.03011
4.15 8.70692
4.175 9.43603
4.2 9.99576
4.225 10.1941
4.25 9.93626
4.275 9.25803
4.3 8.31312
4.325 7.31959
4.35 6.48511
4.375 5.93777
4.4 5.68729
4.425 5.62949
4.45 5.59156
4.475 5.40026
4.5 4.94802
4.525 4.23257
4.55 3.35645
4.575 2.48776
4.6 1.79749
4.625 1.39741
4.65 1.30142
4.675 1.42398
4.7 1.61519
4.725 1.71832
4.75 1.62755
4.775 1.32419
4.8 0.878592
4.825 0.417965
4.85 0.0737647
4.875 -0.0705473
4.9 -0.010979
4.925 0.178036
4.95 0.376044
4.975 0.46685
