0 7.42782
0.025 6.93152
0.05 6.45932
0.075 6.01393
0.1 5.59686
0.125 5.20865
0.15 4.849
0.175 4.51699
0.2 4.21119
0.225 3.92982
0.25 3.67081
0.275 3.43195
0.3 3.21096
0.325 3.00555
0.35 2.81346
0.375 2.63258
0.4 2.4609
0.425 2.29663
0.45 2.13814
0.475 1.98405
0.5 1.83319
0.525 1.68462
0.55 1.53765
0.575 1.3918
0.6 1.24683
0.625 1.10268
0.65 0.95951
0.675 0.817653
0.7 0.677599
0.725 0.539983
0.75 0.40556
0.775 0.275187
0.8 0.149802
0.825 0.0304022
0.85 -0.0819783
0.875 -0.186286
0.9 -0.281468
0.925 -0.366491
0.95 -0.44036
0.975 -0.502134
1 -0.550936
1.025 -0.585976
1.05 -0.606555
1.075 -0.612079
1.1 -0.602066
1.125 -0.576156
1.15 -0.534114
1.175 -0.475836
1.2 -0.401348
1.225 -0.310813
1.25 -0.204525
1.275 -0.0829087
1.3 0.0534831
1.325 0.203974
1.35 0.367772
1.375 0.543973
1.4 0.73157
1.425 0.929463
1.45 1.13647
1.475 1.35132
1.5 1.57271
1.525 1.79925
1.55 2.02952
1.575 2.26208
1.6 2.49546
1.625 2.7282
1.65 2.95881
1.675 3.18585
1.7 3.4079
1.725 3.62356
1.75 3.83151
1.775 4.03044
1.8 4.21916
1.825 4.3965
1.85 4.56142
1.875 4.71294
1.9 4.85017
1.925 4.97234
1.95 5.07877
1.975 5.16888
2 5.24221
2.025 5.29841
2.05 5.33723
2.075 5.35854
2.1 5.36231
2.125 5.34863
2.15 5.31768
2.175 5.26976
2.2 5.20524
2.225 5.12461
2.25 5.02844
2.275 4.91737
2.3 4.79213
2.325 4.65352
2.35 4.50239
2.375 4.33967
2.4 4.16633
2.425 3.98337
2.45 3.79183
2.475 3.59281
2.5 3.38739
2.525 3.1767
2.55 2.96185
2.575 2.74399
2.6 2.52422
2.625 2.30368
2.65 2.08347
2.675 1.86468
2.7 1.64837
2.725 1.43559
2.75 1.22734
2.775 1.0246
2.8 0.828324
2.825 0.63941
2.85 0.458723
2.875 0.28709
2.9 0.125292
2.925 -0.0259324
2.95 -0.16589
2.975 -0.293931
3 -0.409453
3.025 -0.511899
3.05 -0.600759
3.075 -0.675569
3.1 -0.735912
3.125 -0.781422
3.15 -0.811777
3.175 -0.826708
3.2 -0.825994
3.225 -0.809468
3.25 -0.777015
3.275 -0.728575
3.3 -0.664146
3.325 -0.583786
3.35 -0.487616
3.375 -0.37582
3.4 -0.248653
3.425 -0.106439
3.45 0.0504181
3.475 0.221441
3.5 0.406066
3.525 0.603647
3.55 0.813447
3.575 1.03464
3.6 1.2663
3.625 1.50742
3.65 1.75687
3.675 2.01346
3.7 2.27586
3.725 2.54267
3.75 2.81239
3.775 3.08345
3.8 3.35415
3.825 3.62277
3.85 3.88746
3.875 4.14637
3.9 4.39755
3.925 4.63906
3.95 4.8689
3.975 5.08509
4 5.28566
4.025 5.46868
4.05 5.63227
4.075 5.77462
4.1 5.89403
4.125 5.98894
4.15 6.05793
4.175 6.09974
4.2 6.11334
4.225 6.09793
4.25 6.05293
4.275 5.97807
4.3 5.87335
4.325 5.73909
4.35 5.57597
4.375 5.38496
4.4 5.16743
4.425 4.92507
4.45 4.65995
4.475 4.37447
4.5 4.07137
4.525 3.7537
4.55 3.42482
4.575 3.08833
4.6 2.74804
4.625 2.40793
4.65 2.07212
4.675 1.74475
4.7 1.42996
4.725 1.13178
4.75 0.854088
4.775 0.600499
4.8 0.374284
4.825 0.178282
4.85 0.0148117
4.875 -0.114412
4.9 -0.208362
4.925 -0.26677
4.95 -0.290195
4.975 -0.280065
