0 7.38906
0.025 8.82331
0.05 9.99135
0.075 10.9165
0.1 11.6208
0.125 12.125
0.15 12.4489
0.175 12.6108
0.2 12.6282
0.225 12.5175
0.25 12.2939
0.275 11.9719
0.3 11.5648
0.325 11.0852
0.35 10.5447
0.375 9.95413
0.4 9.32351
0.425 8.66211
0.45 7.97845
0.475 7.28038
0.5 6.57507
0.525 5.86906
0.55 5.16827
0.575 4.47806
0.6 3.80325
0.625 3.14812
0.65 2.51647
0.675 1.91162
0.7 1.33646
0.725 0.793461
0.75 0.284692
0.775 -0.18814
0.8 -0.623683
0.825 -1.02091
0.85 -1.37909
0.875 -1.69779
0.9 -1.97684
0.925 -2.21631
0.95 -2.41651
0.975 -2.57794
1 -2.70131
1.025 -2.78751
1.05 -2.83757
1.075 -2.85268
1.1 -2.83415
1.125 -2.78343
1.15 -2.70204
1.175 -2.59161
1.2 -2.45385
1.225 -2.2905
1.25 -2.10341
1.275 -1.89442
1.3 -1.66544
1.325 -1.41837
1.35 -1.15515
1.375 -0.8777
1.4 -0.587959
1.425 -0.287838
1.45 0.0207679
1.475 0.335992
1.5 0.656001
1.525 0.979001
1.55 1.30324
1.575 1.62703
1.6 1.94873
1.625 2.26675
1.65 2.57958
1.675 2.88578
1.7 3.18396
1.725 3.47283
1.75 3.75117
1.775 4.01783
1.8 4.27175
1.825 4.51196
1.85 4.73755
1.875 4.94773
1.9 5.14178
1.925 5.31905
1.95 5.47901
1.975 5.62119
2 5.74523
2.025 5.85083
2.05 5.9378
2.075 6.00602
2.1 6.05546
2.125 6.08615
2.15 6.09823
2.175 6.09191
2.2 6.06745
2.225 6.02521
2.25 5.96562
2.275 5.88916
2.3 5.79639
2.325 5.68792
2.35 5.56442
2.375 5.42664
2.4 5.27534
2.425 5.11136
2.45 4.93558
2.475 4.74891
2.5 4.5523
2.525 4.34674
2.55 4.13325
2.575 3.91286
2.6 3.68665
2.625 3.45569
2.65 3.22108
2.675 2.98392
2.7 2.74532
2.725 2.50638
2.75 2.26821
2.775 2.03192
2.8 1.79858
2.825 1.56927
2.85 1.34504
2.875 1.12691
2.9 0.915888
2.925 0.712939
2.95 0.518996
2.975 0.334953
3 0.161659
3.025 -7.97552e-05
3.05 -0.149509
3.075 -0.285925
3.1 -0.408684
3.125 -0.517197
3.15 -0.610941
3.175 -0.689453
3.2 -0.752342
3.225 -0.799283
3.25 -0.830025
3.275 -0.84439
3.3 -0.842275
3.325 -0.823655
3.35 -0.788584
3.375 -0.737193
3.4 -0.669697
3.425 -0.586391
3.45 -0.48765
3.475 -0.373934
3.5 -0.245781
3.525 -0.103814
3.55 0.0512669
3.575 0.21868
3.6 0.397565
3.625 0.586988
3.65 0.785936
3.675 0.993327
3.7 1.20801
3.725 1.42876
3.75 1.6543
3.775 1.88329
3.8 2.11432
3.825 2.34596
3.85 2.57669
3.875 2.805
3.9 3.0293
3.925 3.24799
3.95 3.45946
3.975 3.66207
4 3.85416
4.025 4.03409
4.05 4.20024
4.075 4.35096
4.1 4.48468
4.125 4.59983
4.15 4.6949
4.175 4.76845
4.2 4.81908
4.225 4.84549
4.25 4.84648
4.275 4.82093
4.3 4.76788
4.325 4.68647
4.35 4.576
4.375 4.43594
4.4 4.26593
4.425 4.06581
4.45 3.83564
4.475 3.57571
4.5 3.28656
4.525 2.96899
4.55 2.6241
4.575 2.25329
4.6 1.8583
4.625 1.44121
4.65 1.00448
4.675 0.550982
4.7 0.0839807
4.725 -0.392796
4.75 -0.875154
4.775 -1.3584
4.8 -1.83733
4.825 -2.30616
4.85 -2.75857
4.875 -3.18759
4.9 -3.58564
4.925 -3.94447
4.95 -4.25512
4.975 -4.5079
