0 7.39687
0.025 3.68347
0.05 0.911083
0.075 -1.07571
0.1 -2.41387
0.125 -3.22354
0.15 -3.60957
0.175 -3.66294
0.2 -3.46208
0.225 -3.0741
0.25 -2.55595
0.275 -1.95548
0.3 -1.31239
0.325 -0.659155
0.35 -0.0218773
0.375 0.578985
0.4 1.12789
0.425 1.61359
0.45 2.02851
0.475 2.36826
0.5 2.63112
0.525 2.81761
0.55 2.93009
0.575 2.97242
0.6 2.94965
0.625 2.86772
0.65 2.7332
0.675 2.55312
0.7 2.33474
0.725 2.08539
0.75 1.81234
0.775 1.52269
0.8 1.22324
0.825 0.920427
0.85 0.620269
0.875 0.328296
0.9 0.0495217
0.925 -0.211583
0.95 -0.451107
0.975 -0.665701
1 -0.852581
1.025 -1.00951
1.05 -1.1348
1.075 -1.22726
1.1 -1.28621
1.125 -1.31141
1.15 -1.30308
1.175 -1.26181
1.2 -1.18858
1.225 -1.08466
1.25 -0.951638
1.275 -0.791349
1.3 -0.605839
1.325 -0.397337
1.35 -0.168217
1.375 0.0790369
1.4 0.341859
1.425 0.617635
1.45 0.903733
1.475 1.19753
1.5 1.49642
1.525 1.79788
1.55 2.09943
1.575 2.39872
1.6 2.69347
1.625 2.98156
1.65 3.26099
1.675 3.5299
1.7 3.78661
1.725 4.02957
1.75 4.25743
1.775 4.46897
1.8 4.66318
1.825 4.83917
1.85 4.99627
1.875 5.13393
1.9 5.25179
1.925 5.34961
1.95 5.42733
1.975 5.48501
2 5.52285
2.025 5.54116
2.05 5.54037
2.075 5.52103
2.1 5.48376
2.125 5.42927
2.15 5.35836
2.175 5.27189
2.2 5.17075
2.225 5.05591
2.25 4.92835
2.275 4.78911
2.3 4.63921
2.325 4.4797
2.35 4.31165
2.375 4.13609
2.4 3.95408
2.425 3.76664
2.45 3.57477
2.475 3.37946
2.5 3.18167
2.525 2.9823
2.55 2.78225
2.575 2.58238
2.6 2.38348
2.625 2.18635
2.65 1.99172
2.675 1.80028
2.7 1.61269
2.725 1.42959
2.75 1.25155
2.775 1.07913
2.8 0.912851
2.825 0.753208
2.85 0.600665
2.875 0.455662
2.9 0.318616
2.925 0.189924
2.95 0.0699656
2.975 -0.040896
3 -0.142311
3.025 -0.233943
3.05 -0.315463
3.075 -0.386556
3.1 -0.446912
3.125 -0.49623
3.15 -0.53422
3.175 -0.560596
3.2 -0.575088
3.225 -0.577433
3.25 -0.567382
3.275 -0.544704
3.3 -0.509186
3.325 -0.460637
3.35 -0.398893
3.375 -0.323821
3.4 -0.235325
3.425 -0.133349
3.45 -0.0178833
3.475 0.111028
3.5 0.253283
3.525 0.408714
3.55 0.577082
3.575 0.758072
3.6 0.951282
3.625 1.15622
3.65 1.37231
3.675 1.59886
3.7 1.83507
3.725 2.08005
3.75 2.33278
3.775 2.59212
3.8 2.85683
3.825 3.12553
3.85 3.39675
3.875 3.66888
3.9 3.94019
3.925 4.20887
3.95 4.473
3.975 4.73054
4 4.9794
4.025 5.21741
4.05 5.44232
4.075 5.65188
4.1 5.84377
4.125 6.0157
4.15 6.16537
4.175 6.29056
4.2 6.38908
4.225 6.45886
4.25 6.49795
4.275 6.50454
4.3 6.47704
4.325 6.41407
4.35 6.31451
4.375 6.17754
4.4 6.00266
4.425 5.78977
4.45 5.53915
4.475 5.25153
4.5 4.92812
4.525 4.57063
4.55 4.18133
4.575 3.76304
4.6 3.31916
4.625 2.85371
4.65 2.37132
4.675 1.87725
4.7 1.37735
4.725 0.878112
4.75 0.386577
4.775 -0.0896586
4.8 -0.542505
4.825 -0.963446
4.85 -1.34362
4.875 -1.67391
4.9 -1.94508
4.925 -2.14793
4.95 -2.27342
4.975 -2.31292
