0 10.4812
0.025 10.5093
0.05 10.5338
0.075 10.5547
0.1 10.5718
0.125 10.5853
0.15 10.5951
0.175 10.6013
0.2 10.6037
0.225 10.6024
0.25 10.5975
0.275 10.5889
0.3 10.5765
0.325 10.5605
0.35 10.5409
0.375 10.5176
0.4 10.4906
0.425 10.46
0.45 10.4258
0.475 10.3881
0.5 10.3468
0.525 10.3019
0.55 10.2535
0.575 10.2017
0.6 10.1464
0.625 10.0878
0.65 10.0257
0.675 9.96033
0.7 9.89165
0.725 9.81973
0.75 9.74461
0.775 9.66632
0.8 9.58494
0.825 9.50049
0.85 9.41304
0.875 9.32265
0.9 9.22936
0.925 9.13323
0.95 9.03434
0.975 8.93273
1 8.82847
1.025 8.72163
1.05 8.61227
1.075 8.50046
1.1 8.38627
1.125 8.26978
1.15 8.15106
1.175 8.03017
1.2 7.9072
1.225 7.78222
1.25 7.65531
1.275 7.52655
1.3 7.39602
1.325 7.2638
1.35 7.12998
1.375 6.99463
1.4 6.85785
1.425 6.71972
1.45 6.58032
1.475 6.43974
1.5 6.29807
1.525 6.1554
1.55 6.01182
1.575 5.86741
1.6 5.72227
1.625 5.57649
1.65 5.43015
1.675 5.28336
1.7 5.1362
1.725 4.98876
1.75 4.84114
1.775 4.69343
1.8 4.54572
1.825 4.3981
1.85 4.25066
1.875 4.10351
1.9 3.95672
1.925 3.8104
1.95 3.66462
1.975 3.5195
2 3.3751
2.025 3.23153
2.05 3.08888
2.075 2.94722
2.1 2.80666
2.125 2.66729
2.15 2.52917
2.175 2.39241
2.2 2.25709
2.225 2.1233
2.25 1.99111
2.275 1.86061
2.3 1.73188
2.325 1.605
2.35 1.48005
2.375 1.35711
2.4 1.23626
2.425 1.11757
2.45 1.00112
2.475 0.88697
2.5 0.775203
2.525 0.665886
2.55 0.559087
2.575 0.454872
2.6 0.353306
2.625 0.254455
2.65 0.158378
2.675 0.0651356
2.7 -0.0252131
2.725 -0.112612
2.75 -0.197007
2.775 -0.278344
2.8 -0.356573
2.825 -0.431646
2.85 -0.503515
2.875 -0.572135
2.9 -0.637463
2.925 -0.69946
2.95 -0.758085
2.975 -0.813302
3 -0.865077
3.025 -0.913377
3.05 -0.958173
3.075 -0.999435
3.1 -1.03714
3.125 -1.07126
3.15 -1.10178
3.175 -1.12868
3.2 -1.15193
3.225 -1.17153
3.25 -1.18747
3.275 -1.19973
3.3 -1.20831
3.325 -1.21319
3.35 -1.21439
3.375 -1.21189
3.4 -1.2057
3.425 -1.19582
3.45 -1.18227
3.475 -1.16503
3.5 -1.14414
3.525 -1.1196
3.55 -1.09142
3.575 -1.05963
3.6 -1.02424
3.625 -0.98528
3.65 -0.942768
3.675 -0.896732
3.7 -0.847202
3.725 -0.794209
3.75 -0.737785
3.775 -0.677966
3.8 -0.61479
3.825 -0.548295
3.85 -0.478523
3.875 -0.405519
3.9 -0.329327
3.925 -0.249995
3.95 -0.167573
3.975 -0.0821121
4 0.006334
4.025 0.0977102
4.05 0.191959
4.075 0.289022
4.1 0.388839
4.125 0.491346
4.15 0.596481
4.175 0.704176
4.2 0.814366
4.225 0.926981
4.25 1.04195
4.275 1.1592
4.3 1.27866
4.325 1.40026
4.35 1.52392
4.375 1.64955
4.4 1.77709
4.425 1.90646
4.45 2.03756
4.475 2.17033
4.5 2.30467
4.525 2.44051
4.55 2.57776
4.575 2.71633
4.6 2.85613
4.625 2.99709
4.65 3.1391
4.675 3.28209
4.7 3.42596
4.725 3.57063
4.75 3.71599
4.775 3.86197
4.8 4.00847
4.825 4.1554
4.85 4.30266
4.875 4.45017
4.9 4.59783
4.925 4.74555
4.95 4.89325
4.975 5.04081
