0 7.41144
0.025 6.60865
0.05 5.92916
0.075 5.35641
0.1 4.87529
0.125 4.47209
0.15 4.13444
0.175 3.85121
0.2 3.6125
0.225 3.40952
0.25 3.23457
0.275 3.08093
0.3 2.9428
0.325 2.81526
0.35 2.69418
0.375 2.57618
0.4 2.45853
0.425 2.33914
0.45 2.21644
0.475 2.08938
0.5 1.95736
0.525 1.82016
0.55 1.6779
0.575 1.53102
0.6 1.38018
0.625 1.22627
0.65 1.07035
0.675 0.913612
0.7 0.757351
0.725 0.602929
0.75 0.451751
0.775 0.305235
0.8 0.164791
0.825 0.0317973
0.85 -0.0924174
0.875 -0.206592
0.9 -0.309545
0.925 -0.400194
0.95 -0.477556
0.975 -0.540765
1 -0.589077
1.025 -0.621871
1.05 -0.638659
1.075 -0.639082
1.1 -0.622917
1.125 -0.59007
1.15 -0.540581
1.175 -0.474616
1.2 -0.392464
1.225 -0.294535
1.25 -0.181354
1.275 -0.0535497
1.3 0.0881439
1.325 0.242901
1.35 0.409811
1.375 0.587883
1.4 0.776059
1.425 0.973218
1.45 1.17819
1.475 1.38975
1.5 1.60666
1.525 1.82764
1.55 2.05139
1.575 2.27662
1.6 2.50201
1.625 2.72627
1.65 2.94812
1.675 3.1663
1.7 3.37958
1.725 3.58676
1.75 3.7867
1.775 3.97829
1.8 4.16048
1.825 4.33228
1.85 4.49277
1.875 4.64107
1.9 4.77641
1.925 4.89806
1.95 5.0054
1.975 5.09786
2 5.17497
2.025 5.23634
2.05 5.28165
2.075 5.31069
2.1 5.32331
2.125 5.31946
2.15 5.29918
2.175 5.26258
2.2 5.20985
2.225 5.14128
2.25 5.05722
2.275 4.95811
2.3 4.84447
2.325 4.71686
2.35 4.57596
2.375 4.42246
2.4 4.25717
2.425 4.0809
2.45 3.89457
2.475 3.69911
2.5 3.49552
2.525 3.28484
2.55 3.06813
2.575 2.84652
2.6 2.62113
2.625 2.39312
2.65 2.16367
2.675 1.93398
2.7 1.70524
2.725 1.47865
2.75 1.25543
2.775 1.03676
2.8 0.823818
2.825 0.617768
2.85 0.419745
2.875 0.230855
2.9 0.052169
2.925 -0.115284
2.95 -0.27052
2.975 -0.412609
3 -0.540676
3.025 -0.65391
3.05 -0.751565
3.075 -0.83297
3.1 -0.89753
3.125 -0.944728
3.15 -0.974138
3.175 -0.985419
3.2 -0.978324
3.225 -0.952705
3.25 -0.908509
3.275 -0.845788
3.3 -0.764697
3.325 -0.665495
3.35 -0.548549
3.375 -0.414333
3.4 -0.263428
3.425 -0.0965212
3.45 0.0855949
3.475 0.282024
3.5 0.491769
3.525 0.713735
3.55 0.946735
3.575 1.18949
3.6 1.44064
3.625 1.69874
3.65 1.9623
3.675 2.22972
3.7 2.4994
3.725 2.76965
3.75 3.03877
3.775 3.30503
3.8 3.56667
3.825 3.82196
3.85 4.06914
3.875 4.3065
3.9 4.53235
3.925 4.74506
3.95 4.94306
3.975 5.12484
4 5.28899
4.025 5.43421
4.05 5.55929
4.075 5.66316
4.1 5.74491
4.125 5.80375
4.15 5.83907
4.175 5.85042
4.2 5.83755
4.225 5.80037
4.25 5.73901
4.275 5.65378
4.3 5.54521
4.325 5.41403
4.35 5.26115
4.375 5.0877
4.4 4.895
4.425 4.68456
4.45 4.45806
4.475 4.21735
4.5 3.96444
4.525 3.70145
4.55 3.43063
4.575 3.15434
4.6 2.87498
4.625 2.59502
4.65 2.31692
4.675 2.04317
4.7 1.77617
4.725 1.51828
4.75 1.27174
4.775 1.03866
4.8 0.820964
4.825 0.620391
4.85 0.438436
4.875 0.276336
4.9 0.13504
4.925 0.0151857
4.95 -0.0829185
4.975 -0.159309
