0 7.38877
0.025 9.66258
0.05 11.3486
0.075 12.5283
0.1 13.2748
0.125 13.6542
0.15 13.7256
0.175 13.5416
0.2 13.1494
0.225 12.5904
0.25 11.9016
0.275 11.115
0.3 10.259
0.325 9.35785
0.35 8.43271
0.375 7.50152
0.4 6.57946
0.425 5.67923
0.45 4.81124
0.475 3.98394
0.5 3.20393
0.525 2.47627
0.55 1.80456
0.575 1.19122
0.6 0.637564
0.625 0.143976
0.65 -0.289947
0.675 -0.665291
0.7 -0.983708
0.725 -1.24732
0.75 -1.45862
0.775 -1.62041
0.8 -1.7357
0.825 -1.80769
0.85 -1.83966
0.875 -1.83494
0.9 -1.79689
0.925 -1.72883
0.95 -1.63402
0.975 -1.51563
1 -1.37672
1.025 -1.22022
1.05 -1.04892
1.075 -0.865435
1.1 -0.672231
1.125 -0.471593
1.15 -0.265634
1.175 -0.0562892
1.2 0.154682
1.225 0.365691
1.25 0.57532
1.275 0.782314
1.3 0.985574
1.325 1.18415
1.35 1.37723
1.375 1.56414
1.4 1.74433
1.425 1.91734
1.45 2.08286
1.475 2.24062
1.5 2.39048
1.525 2.53234
1.55 2.66618
1.575 2.79204
1.6 2.91
1.625 3.02018
1.65 3.12272
1.675 3.21781
1.7 3.30562
1.725 3.38637
1.75 3.46025
1.775 3.52746
1.8 3.5882
1.825 3.64266
1.85 3.69101
1.875 3.7334
1.9 3.76999
1.925 3.80087
1.95 3.82616
1.975 3.84592
2 3.86022
2.025 3.86908
2.05 3.87253
2.075 3.87054
2.1 3.8631
2.125 3.85017
2.15 3.83169
2.175 3.80761
2.2 3.77786
2.225 3.74235
2.25 3.70101
2.275 3.65377
2.3 3.60057
2.325 3.54133
2.35 3.47603
2.375 3.40462
2.4 3.3271
2.425 3.24349
2.45 3.15382
2.475 3.05817
2.5 2.95664
2.525 2.84937
2.55 2.73653
2.575 2.61835
2.6 2.49509
2.625 2.36704
2.65 2.23456
2.675 2.09805
2.7 1.95793
2.725 1.81471
2.75 1.66891
2.775 1.52112
2.8 1.37195
2.825 1.22208
2.85 1.07222
2.875 0.923104
2.9 0.775525
2.925 0.630297
2.95 0.488265
2.975 0.350298
3 0.217288
3.025 0.0901434
3.05 -0.0302189
3.075 -0.142874
3.1 -0.246899
3.125 -0.341375
3.15 -0.425396
3.175 -0.498075
3.2 -0.558551
3.225 -0.605991
3.25 -0.639606
3.275 -0.65865
3.3 -0.662429
3.325 -0.650309
3.35 -0.621724
3.375 -0.57618
3.4 -0.513263
3.425 -0.432644
3.45 -0.334089
3.475 -0.217461
3.5 -0.0827279
3.525 0.0700349
3.55 0.240637
3.575 0.428768
3.6 0.634
3.625 0.855774
3.65 1.09341
3.675 1.34609
3.7 1.61287
3.725 1.89269
3.75 2.18432
3.775 2.48644
3.8 2.79759
3.825 3.11618
3.85 3.4405
3.875 3.76874
3.9 4.09895
3.925 4.42912
3.95 4.75711
3.975 5.08072
4 5.39766
4.025 5.70559
4.05 6.0021
4.075 6.28477
4.1 6.55113
4.125 6.79873
4.15 7.02511
4.175 7.22785
4.2 7.40457
4.225 7.55295
4.25 7.67077
4.275 7.75592
4.3 7.80639
4.325 7.82035
4.35 7.79614
4.375 7.73229
4.4 7.62755
4.425 7.48092
4.45 7.29167
4.475 7.05935
4.5 6.78385
4.525 6.46537
4.55 6.1045
4.575 5.70218
4.6 5.25978
4.625 4.77907
4.65 4.26227
4.675 3.71205
4.7 3.13154
4.725 2.52436
4.75 1.89461
4.775 1.24687
4.8 0.586224
4.825 -0.0817713
4.85 -0.751068
4.875 -1.41515
4.9 -2.06706
4.925 -2.6994
4.95 -3.30437
4.975 -3.87383
