0 7.4011
0.025 6.03083
0.05 4.94648
0.075 4.10376
0.1 3.46312
0.125 2.98946
0.15 2.6518
0.175 2.4229
0.2 2.27904
0.225 2.19966
0.25 2.16714
0.275 2.16649
0.3 2.18513
0.325 2.21268
0.35 2.24067
0.375 2.2624
0.4 2.27272
0.425 2.26785
0.45 2.2452
0.475 2.20324
0.5 2.14135
0.525 2.05965
0.55 1.95892
0.575 1.84048
0.6 1.70606
0.625 1.55774
0.65 1.39785
0.675 1.22889
0.7 1.05349
0.725 0.874294
0.75 0.693976
0.775 0.515147
0.8 0.340336
0.825 0.171947
0.85 0.0122384
0.875 -0.136703
0.9 -0.272981
0.925 -0.394899
0.95 -0.500976
0.975 -0.589948
1 -0.660774
1.025 -0.712633
1.05 -0.744925
1.075 -0.757261
1.1 -0.749464
1.125 -0.721553
1.15 -0.673737
1.175 -0.606403
1.2 -0.520104
1.225 -0.415546
1.25 -0.293575
1.275 -0.155161
1.3 -0.00138692
1.325 0.166566
1.35 0.347435
1.375 0.539886
1.4 0.74253
1.425 0.953936
1.45 1.17264
1.475 1.39717
1.5 1.62603
1.525 1.85774
1.55 2.09084
1.575 2.32389
1.6 2.55547
1.625 2.78423
1.65 3.00883
1.675 3.22802
1.7 3.4406
1.725 3.64542
1.75 3.84141
1.775 4.02759
1.8 4.20303
1.825 4.36688
1.85 4.5184
1.875 4.6569
1.9 4.78178
1.925 4.89253
1.95 4.9887
1.975 5.06995
2 5.136
2.025 5.18666
2.05 5.2218
2.075 5.24138
2.1 5.24542
2.125 5.23402
2.15 5.20735
2.175 5.16563
2.2 5.10915
2.225 5.03827
2.25 4.9534
2.275 4.855
2.3 4.74359
2.325 4.61973
2.35 4.48403
2.375 4.33715
2.4 4.17979
2.425 4.01269
2.45 3.83661
2.475 3.65238
2.5 3.46082
2.525 3.26281
2.55 3.05926
2.575 2.85107
2.6 2.63921
2.625 2.42463
2.65 2.20832
2.675 1.99128
2.7 1.77452
2.725 1.55907
2.75 1.34596
2.775 1.13621
2.8 0.930867
2.825 0.730961
2.85 0.537519
2.875 0.351557
2.9 0.174078
2.925 0.00606612
2.95 -0.151515
2.975 -0.297729
3 -0.431673
3.025 -0.552478
3.05 -0.659319
3.075 -0.751417
3.1 -0.828047
3.125 -0.88854
3.15 -0.932294
3.175 -0.958773
3.2 -0.96752
3.225 -0.958157
3.25 -0.930392
3.275 -0.884026
3.3 -0.818958
3.325 -0.735188
3.35 -0.632824
3.375 -0.512083
3.4 -0.373299
3.425 -0.216924
3.45 -0.0435281
3.475 0.146193
3.5 0.35142
3.525 0.571212
3.55 0.804503
3.575 1.0501
3.6 1.30671
3.625 1.5729
3.65 1.84713
3.675 2.12777
3.7 2.41308
3.725 2.70124
3.75 2.99034
3.775 3.27841
3.8 3.56341
3.825 3.84328
3.85 4.11592
3.875 4.37922
3.9 4.63107
3.925 4.86939
3.95 5.09214
3.975 5.29734
4 5.48311
4.025 5.64766
4.05 5.78933
4.075 5.90659
4.1 5.99811
4.125 6.06273
4.15 6.09951
4.175 6.10773
4.2 6.08693
4.225 6.03691
4.25 5.95774
4.275 5.84981
4.3 5.71379
4.325 5.55067
4.35 5.36175
4.375 5.14864
4.4 4.91328
4.425 4.6579
4.45 4.38502
4.475 4.09743
4.5 3.79817
4.525 3.49049
4.55 3.17785
4.575 2.86382
4.6 2.55209
4.625 2.24637
4.65 1.95038
4.675 1.66774
4.7 1.40193
4.725 1.15619
4.75 0.933489
4.775 0.736378
4.8 0.566958
4.825 0.426773
4.85 0.316736
4.875 0.237041
4.9 0.187095
4.925 0.165448
4.95 0.169737
4.975 0.196645
