0 7.38341
0.025 12.1028
0.05 15.3645
0.075 17.4302
0.1 18.5271
0.125 18.8518
0.15 18.5729
0.175 17.8347
0.2 16.7593
0.225 15.4493
0.25 13.9898
0.275 12.4511
0.3 10.8898
0.325 9.35108
0.35 7.86995
0.375 6.47277
0.4 5.17848
0.425 3.99974
0.45 2.94393
0.475 2.01407
0.5 1.20961
0.525 0.527159
0.55 -0.0389093
0.575 -0.495908
0.6 -0.852358
0.625 -1.11758
0.65 -1.30137
0.675 -1.41365
0.7 -1.46428
0.725 -1.46285
0.75 -1.41847
0.775 -1.3397
0.8 -1.23443
0.825 -1.10981
0.85 -0.972218
0.875 -0.827224
0.9 -0.679602
0.925 -0.533329
0.95 -0.391617
0.975 -0.256942
1 -0.131095
1.025 -0.0152277
1.05 0.0900885
1.075 0.184803
1.1 0.269325
1.125 0.344457
1.15 0.411334
1.175 0.471359
1.2 0.526142
1.225 0.577442
1.25 0.62711
1.275 0.677037
1.3 0.729104
1.325 0.785139
1.35 0.846877
1.375 0.915922
1.4 0.993718
1.425 1.08152
1.45 1.18038
1.475 1.29111
1.5 1.41431
1.525 1.55029
1.55 1.69915
1.575 1.86073
1.6 2.03459
1.625 2.22008
1.65 2.41632
1.675 2.62219
1.7 2.83638
1.725 3.0574
1.75 3.28359
1.775 3.51314
1.8 3.74413
1.825 3.97454
1.85 4.20228
1.875 4.42521
1.9 4.64117
1.925 4.84801
1.95 5.04362
1.975 5.22591
2 5.39291
2.025 5.54272
2.05 5.67359
2.075 5.78387
2.1 5.87213
2.125 5.93706
2.15 5.97757
2.175 5.99278
2.2 5.98202
2.225 5.94483
2.25 5.881
2.275 5.79054
2.3 5.6737
2.325 5.53098
2.35 5.3631
2.375 5.171
2.4 4.95586
2.425 4.71906
2.45 4.46219
2.475 4.18702
2.5 3.89552
2.525 3.58978
2.55 3.27206
2.575 2.94472
2.6 2.61026
2.625 2.27121
2.65 1.93021
2.675 1.5899
2.7 1.25295
2.725 0.922014
2.75 0.599726
2.775 0.288654
2.8 -0.00870705
2.825 -0.289965
2.85 -0.552847
2.875 -0.795224
2.9 -1.01513
2.925 -1.21077
2.95 -1.38056
2.975 -1.52312
3 -1.63729
3.025 -1.72217
3.05 -1.77707
3.075 -1.8016
3.1 -1.79559
3.125 -1.75915
3.15 -1.69267
3.175 -1.59678
3.2 -1.47237
3.225 -1.32061
3.25 -1.14289
3.275 -0.940832
3.3 -0.716293
3.325 -0.471327
3.35 -0.208175
3.375 0.0707546
3.4 0.362907
3.425 0.665607
3.45 0.976084
3.475 1.2915
3.5 1.60896
3.525 1.92558
3.55 2.23849
3.575 2.54484
3.6 2.84189
3.625 3.127
3.65 3.39766
3.675 3.65154
3.7 3.8865
3.725 4.10062
3.75 4.29225
3.775 4.46
3.8 4.60277
3.825 4.71979
3.85 4.81061
3.875 4.87512
3.9 4.91358
3.925 4.92657
3.95 4.91508
3.975 4.8804
4 4.82419
4.025 4.74844
4.05 4.65546
4.075 4.54782
4.1 4.42836
4.125 4.30016
4.15 4.16645
4.175 4.03061
4.2 3.89611
4.225 3.76642
4.25 3.645
4.275 3.53519
4.3 3.44015
4.325 3.36279
4.35 3.30572
4.375 3.2711
4.4 3.26063
4.425 3.27542
4.45 3.31592
4.475 3.38186
4.5 3.47216
4.525 3.58484
4.55 3.71697
4.575 3.86463
4.6 4.02284
4.625 4.18553
4.65 4.34554
4.675 4.49458
4.7 4.62331
4.725 4.72135
4.75 4.77734
4.775 4.77909
4.8 4.71371
4.825 4.56776
4.85 4.32752
4.875 3.97925
4.9 3.50954
4.925 2.90569
4.95 2.15618
4.975 1.25121
