0 13.3939
0.025 12.9079
0.05 12.2184
0.075 11.3578
0.1 10.363
0.125 9.27408
0.15 8.13215
0.175 6.97776
0.2 5.84918
0.225 4.78089
0.25 3.80226
0.275 2.9366
0.3 2.20047
0.325 1.60336
0.35 1.14768
0.375 0.829171
0.4 0.637552
0.425 0.557439
0.45 0.569495
0.475 0.651706
0.5 0.780734
0.525 0.933264
0.55 1.08729
0.575 1.22326
0.6 1.32504
0.625 1.38061
0.65 1.38256
0.675 1.32824
0.7 1.21963
0.725 1.06302
0.75 0.86834
0.775 0.648384
0.8 0.417819
0.825 0.19215
0.85 -0.013359
0.875 -0.18473
0.9 -0.310214
0.925 -0.381084
0.95 -0.392235
0.975 -0.342553
1 -0.235033
1.025 -0.0766413
1.05 0.122075
1.075 0.3476
1.1 0.584264
1.125 0.815196
1.15 1.02338
1.175 1.19273
1.2 1.30919
1.225 1.36162
1.25 1.34275
1.275 1.24968
1.3 1.08438
1.325 0.853801
1.35 0.569713
1.375 0.24834
1.4 -0.090324
1.425 -0.423403
1.45 -0.726217
1.475 -0.973496
1.5 -1.14066
1.525 -1.20514
1.55 -1.14757
1.575 -0.952955
1.6 -0.611589
1.625 -0.11976
1.65 0.519806
1.675 1.29781
1.7 2.19853
1.725 3.20035
1.75 4.27644
1.775 5.39586
1.8 6.52474
1.825 7.6277
1.85 8.66929
1.875 9.61551
1.9 10.4353
1.925 11.1017
1.95 11.5934
1.975 11.8951
2 11.9986
2.025 11.9029
2.05 11.6144
2.075 11.1464
2.1 10.5185
2.125 9.75572
2.15 8.8876
2.175 7.94649
2.2 6.96639
2.225 5.98137
2.25 5.02415
2.275 4.12475
2.3 3.30922
2.325 2.59866
2.35 2.00851
2.375 1.54799
2.4 1.22002
2.425 1.0213
2.45 0.942751
2.475 0.970202
2.5 1.08532
2.525 1.26668
2.55 1.49098
2.575 1.73433
2.6 1.97345
2.625 2.18689
2.65 2.35607
2.675 2.46612
2.7 2.50657
2.725 2.47167
2.75 2.3606
2.775 2.17724
2.8 1.92984
2.825 1.63037
2.85 1.29373
2.875 0.93676
2.9 0.577251
2.925 0.232848
2.95 -0.0799735
2.975 -0.346852
3 -0.556347
3.025 -0.700563
3.05 -0.775552
3.075 -0.781482
3.1 -0.722563
3.125 -0.606728
3.15 -0.445096
3.175 -0.251248
3.2 -0.0403509
3.225 0.171815
3.25 0.369866
3.275 0.539815
3.3 0.669999
3.325 0.75187
3.35 0.780627
3.375 0.75562
3.4 0.680529
3.425 0.563286
3.45 0.415741
3.475 0.253095
3.5 0.0931251
3.525 -0.0447728
3.55 -0.140653
3.575 -0.175163
3.6 -0.13069
3.625 0.0075511
3.65 0.25054
3.675 0.604652
3.7 1.07107
3.725 1.64547
3.75 2.31793
3.775 3.07321
3.8 3.89127
3.825 4.74799
3.85 5.61625
3.875 6.46705
3.9 7.27089
3.925 7.99908
3.95 8.62513
3.975 9.12601
4 9.48336
4.025 9.68435
4.05 9.72241
4.075 9.59763
4.1 9.31682
4.125 8.89329
4.15 8.34628
4.175 7.70013
4.2 6.98312
4.225 6.22623
4.25 5.46163
4.275 4.72121
4.3 4.03501
4.325 3.42983
4.35 2.92791
4.375 2.54587
4.4 2.29391
4.425 2.17529
4.45 2.18624
4.475 2.3161
4.5 2.5479
4.525 2.8592
4.55 3.22324
4.575 3.61033
4.6 3.98931
4.625 4.32923
4.65 4.60089
4.675 4.77844
4.7 4.8407
4.725 4.77235
4.75 4.5648
4.775 4.21672
4.8 3.73423
4.825 3.13071
4.85 2.42622
4.875 1.64663
4.9 0.822368
4.925 -0.0129707
4.95 -0.824303
4.975 -1.57676
