0 12.3527
0.025 12.1
0.05 11.2562
0.075 9.95524
0.1 8.38165
0.125 6.74397
0.15 5.24462
0.175 4.05118
0.2 3.27327
0.225 2.94871
0.25 3.04088
0.275 3.44779
0.3 4.02113
0.325 4.59219
0.35 5.00043
0.375 5.11999
0.4 4.87991
0.425 4.27476
0.45 3.36424
0.475 2.26186
0.5 1.11474
0.525 0.0781683
0.55 -0.710841
0.575 -1.15652
0.6 -1.21996
0.625 -0.924804
0.65 -0.352309
0.675 0.373446
0.7 1.10739
0.725 1.70856
0.75 2.06419
0.775 2.10848
0.8 1.83309
0.825 1.28744
0.85 0.568962
0.875 -0.194851
0.9 -0.869528
0.925 -1.33761
0.95 -1.51941
0.975 -1.38693
1 -0.96844
1.025 -0.343119
1.05 0.373405
1.075 1.04992
1.1 1.5632
1.125 1.82017
1.15 1.77462
1.175 1.43554
1.2 0.865745
1.225 0.1707
1.25 -0.520143
1.275 -1.07644
1.3 -1.39028
1.325 -1.39566
1.35 -1.08053
1.375 -0.489365
1.4 0.284406
1.425 1.11475
1.45 1.86541
1.475 2.41435
1.5 2.67605
1.525 2.61762
1.55 2.26593
1.575 1.70421
1.6 1.05891
1.625 0.478594
1.65 0.108804
1.675 0.0669182
1.7 0.421496
1.725 1.17963
1.75 2.28457
1.775 3.62405
1.8 5.04806
1.825 6.39296
1.85 7.50802
1.875 8.27971
1.9 8.64982
1.925 8.62411
1.95 8.27026
1.975 7.70529
2 7.07476
2.025 6.52719
2.05 6.1882
2.075 6.13864
2.1 6.40059
2.125 6.93341
2.15 7.64072
2.175 8.38687
2.2 9.0202
2.225 9.39909
2.25 9.41637
2.275 9.01788
2.3 8.21219
2.325 7.06977
2.35 5.7119
2.375 4.29112
2.4 2.96681
2.425 1.87974
2.45 1.13018
2.475 0.762987
2.5 0.762108
2.525 1.05536
2.55 1.52839
2.575 2.04531
2.6 2.47241
2.625 2.70082
2.65 2.66426
2.675 2.34898
2.7 1.79434
2.725 1.08413
2.75 0.330324
2.775 -0.34766
2.8 -0.844604
2.825 -1.0881
2.85 -1.05098
2.875 -0.755452
2.9 -0.268407
2.925 0.311225
2.95 0.870597
2.975 1.30332
3 1.52842
3.025 1.50446
3.05 1.2365
3.075 0.774583
3.1 0.204182
3.125 -0.369593
3.15 -0.841222
3.175 -1.12391
3.2 -1.16523
3.225 -0.956536
3.25 -0.534412
3.275 0.0260031
3.3 0.624614
3.325 1.15446
3.35 1.52107
3.375 1.65959
3.4 1.5467
3.425 1.20522
3.45 0.700437
3.475 0.129007
3.5 -0.397756
3.525 -0.773241
3.55 -0.914124
3.575 -0.774936
3.6 -0.356051
3.625 0.296313
3.65 1.09809
3.675 1.94199
3.7 2.71618
3.725 3.32381
3.75 3.70008
3.775 3.8237
3.8 3.72098
3.825 3.46164
3.85 3.14719
3.875 2.89368
3.9 2.8119
3.925 2.98822
3.95 3.46934
3.975 4.25349
4 5.2895
4.025 6.48383
4.05 7.71442
4.075 8.84899
4.1 9.76475
4.125 10.3664
4.15 10.5997
4.175 10.4578
4.2 9.98113
4.225 9.24885
4.25 8.36562
4.275 7.44461
4.3 6.59021
4.325 5.88299
4.35 5.36945
4.375 5.05773
4.4 4.91977
4.425 4.89929
4.45 4.92369
4.475 4.918
4.5 4.81808
4.525 4.58125
4.55 4.19244
4.575 3.6653
4.6 3.03833
4.625 2.36703
4.65 1.71372
4.675 1.13683
4.7 0.681687
4.725 0.374119
4.75 0.217881
4.775 0.195951
4.8 0.275206
4.825 0.413337
4.85 0.566596
4.875 0.696919
4.9 0.777224
4.925 0.794126
4.95 0.747864
4.975 0.649794
