0 7.38906
0.025 7.21152
0.05 7.03644
0.075 6.8638
0.1 6.69357
0.125 6.52576
0.15 6.36035
0.175 6.19733
0.2 6.03669
0.225 5.8784
0.25 5.72247
0.275 5.56888
0.3 5.41761
0.325 5.26866
0.35 5.12202
0.375 4.97766
0.4 4.83558
0.425 4.69577
0.45 4.55822
0.475 4.4229
0.5 4.28982
0.525 4.15895
0.55 4.03029
0.575 3.90383
0.6 3.77954
0.625 3.65743
0.65 3.53747
0.675 3.41966
0.7 3.30398
0.725 3.19042
0.75 3.07897
0.775 2.96962
0.8 2.86235
0.825 2.75716
0.85 2.65402
0.875 2.55294
0.9 2.45389
0.925 2.35686
0.95 2.26185
0.975 2.16883
1 2.07781
1.025 1.98876
1.05 1.90167
1.075 1.81653
1.1 1.73333
1.125 1.65206
1.15 1.57271
1.175 1.49525
1.2 1.41969
1.225 1.34601
1.25 1.27419
1.275 1.20423
1.3 1.13611
1.325 1.06982
1.35 1.00534
1.375 0.942677
1.4 0.881803
1.425 0.822711
1.45 0.765388
1.475 0.709822
1.5 0.656002
1.525 0.603914
1.55 0.553548
1.575 0.50489
1.6 0.457928
1.625 0.412651
1.65 0.369047
1.675 0.327103
1.7 0.286806
1.725 0.248146
1.75 0.21111
1.775 0.175685
1.8 0.14186
1.825 0.109622
1.85 0.0789594
1.875 0.0498602
1.9 0.022312
1.925 -0.00369718
1.95 -0.0281796
1.975 -0.0511473
2 -0.0726124
2.025 -0.0925872
2.05 -0.111084
2.075 -0.128114
2.1 -0.14369
2.125 -0.157824
2.15 -0.170529
2.175 -0.181816
2.2 -0.191697
2.225 -0.200185
2.25 -0.207291
2.275 -0.213029
2.3 -0.217409
2.325 -0.220444
2.35 -0.222147
2.375 -0.222529
2.4 -0.221603
2.425 -0.21938
2.45 -0.215873
2.475 -0.211093
2.5 -0.205054
2.525 -0.197767
2.55 -0.189244
2.575 -0.179497
2.6 -0.168539
2.625 -0.156382
2.65 -0.143037
2.675 -0.128517
2.7 -0.112834
2.725 -0.0960004
2.75 -0.0780279
2.775 -0.0589288
2.8 -0.0387152
2.825 -0.0173992
2.85 0.00500696
2.875 0.0284913
2.9 0.0530415
2.925 0.0786457
2.95 0.105292
2.975 0.132967
3 0.16166
3.025 0.191358
3.05 0.22205
3.075 0.253722
3.1 0.286364
3.125 0.319962
3.15 0.354505
3.175 0.389981
3.2 0.426377
3.225 0.463682
3.25 0.501882
3.275 0.540967
3.3 0.580924
3.325 0.62174
3.35 0.663404
3.375 0.705904
3.4 0.749227
3.425 0.793362
3.45 0.838295
3.475 0.884016
3.5 0.930512
3.525 0.97777
3.55 1.02578
3.575 1.07453
3.6 1.124
3.625 1.17419
3.65 1.22508
3.675 1.27666
3.7 1.32892
3.725 1.38184
3.75 1.43542
3.775 1.48964
3.8 1.54449
3.825 1.59996
3.85 1.65603
3.875 1.71269
3.9 1.76994
3.925 1.82775
3.95 1.88612
3.975 1.94504
4 2.00448
4.025 2.06445
4.05 2.12493
4.075 2.1859
4.1 2.24736
4.125 2.30928
4.15 2.37167
4.175 2.4345
4.2 2.49777
4.225 2.56147
4.25 2.62557
4.275 2.69008
4.3 2.75497
4.325 2.82023
4.35 2.88586
4.375 2.95184
4.4 3.01815
4.425 3.0848
4.45 3.15175
4.475 3.21901
4.5 3.28656
4.525 3.35439
4.55 3.42248
4.575 3.49082
4.6 3.55941
4.625 3.62823
4.65 3.69726
4.675 3.7665
4.7 3.83593
4.725 3.90554
4.75 3.97532
4.775 4.04525
4.8 4.11534
4.825 4.18555
4.85 4.25588
4.875 4.32632
4.9 4.39686
4.925 4.46748
4.95 4.53817
4.975 4.60892
