0 7.76792
0.025 6.27801
0.05 5.18678
0.075 4.41772
0.1 3.90427
0.125 3.58897
0.15 3.42259
0.175 3.36336
0.2 3.3762
0.225 3.43206
0.25 3.50726
0.275 3.58292
0.3 3.64436
0.325 3.68063
0.35 3.68401
0.375 3.64957
0.4 3.57476
0.425 3.45906
0.45 3.30362
0.475 3.11095
0.5 2.88463
0.525 2.62908
0.55 2.3493
0.575 2.0507
0.6 1.73889
0.625 1.41953
0.65 1.0982
0.675 0.780293
0.7 0.470886
0.725 0.174688
0.75 -0.104033
0.775 -0.361498
0.8 -0.594452
0.825 -0.800184
0.85 -0.976538
0.875 -1.12191
0.9 -1.23523
0.925 -1.31597
0.95 -1.36408
0.975 -1.37997
1 -1.36451
1.025 -1.31892
1.05 -1.24478
1.075 -1.14395
1.1 -1.01854
1.125 -0.87087
1.15 -0.703391
1.175 -0.518663
1.2 -0.319298
1.225 -0.107922
1.25 0.112871
1.275 0.340551
1.3 0.572691
1.325 0.806993
1.35 1.04132
1.375 1.27371
1.4 1.50239
1.425 1.72581
1.45 1.94263
1.475 2.15172
1.5 2.35219
1.525 2.54336
1.55 2.72474
1.575 2.89607
1.6 3.05724
1.625 3.20833
1.65 3.34955
1.675 3.48125
1.7 3.60387
1.725 3.71793
1.75 3.82402
1.775 3.92273
1.8 4.01469
1.825 4.10048
1.85 4.18068
1.875 4.25578
1.9 4.32621
1.925 4.39231
1.95 4.45429
1.975 4.51227
2 4.56623
2.025 4.61605
2.05 4.66144
2.075 4.70202
2.1 4.73727
2.125 4.76655
2.15 4.78914
2.175 4.80422
2.2 4.81089
2.225 4.80822
2.25 4.79524
2.275 4.77096
2.3 4.73442
2.325 4.68469
2.35 4.62092
2.375 4.54234
2.4 4.4483
2.425 4.33827
2.45 4.21189
2.475 4.069
2.5 3.9096
2.525 3.73391
2.55 3.5424
2.575 3.33573
2.6 3.11481
2.625 2.88079
2.65 2.63505
2.675 2.37919
2.7 2.11501
2.725 1.84453
2.75 1.56993
2.775 1.29353
2.8 1.0178
2.825 0.74529
2.85 0.478619
2.875 0.220428
2.9 -0.0266485
2.925 -0.260026
2.95 -0.477204
2.975 -0.675807
3 -0.853621
3.025 -1.00863
3.05 -1.13905
3.075 -1.24335
3.1 -1.32031
3.125 -1.369
3.15 -1.38883
3.175 -1.37957
3.2 -1.34133
3.225 -1.27457
3.25 -1.18011
3.275 -1.05912
3.3 -0.91309
3.325 -0.743804
3.35 -0.55333
3.375 -0.343977
3.4 -0.118253
3.425 0.121174
3.45 0.371526
3.475 0.629962
3.5 0.893633
3.525 1.15973
3.55 1.42556
3.575 1.68854
3.6 1.94631
3.625 2.19676
3.65 2.43803
3.675 2.66859
3.7 2.88727
3.725 3.09322
3.75 3.28598
3.775 3.46546
3.8 3.63191
3.825 3.78595
3.85 3.92845
3.875 4.06058
3.9 4.1837
3.925 4.29933
3.95 4.40906
3.975 4.51448
4 4.6171
4.025 4.7183
4.05 4.81917
4.075 4.92051
4.1 5.02272
4.125 5.12573
4.15 5.22894
4.175 5.3312
4.2 5.43074
4.225 5.52522
4.25 5.6117
4.275 5.68669
4.3 5.74621
4.325 5.78591
4.35 5.80111
4.375 5.78704
4.4 5.73892
4.425 5.65218
4.45 5.52269
4.475 5.34693
4.5 5.12223
4.525 4.84701
4.55 4.521
4.575 4.14539
4.6 3.72307
4.625 3.25872
4.65 2.75888
4.675 2.23203
4.7 1.68848
4.725 1.14029
4.75 0.600992
4.775 0.0853384
4.8 -0.391167
4.825 -0.81277
4.85 -1.16409
4.875 -1.43082
4.9 -1.60053
4.925 -1.66348
4.95 -1.61348
4.975 -1.44877
