0 7.31223
0.025 8.74038
0.05 9.43647
0.075 9.57504
0.1 9.30237
0.125 8.73978
0.15 7.98664
0.175 7.12317
0.2 6.21293
0.225 5.30512
0.25 4.43664
0.275 3.63399
0.3 2.91489
0.325 2.28983
0.35 1.76336
0.375 1.33533
0.4 1.00184
0.425 0.756227
0.45 0.589807
0.475 0.49256
0.5 0.453699
0.525 0.462156
0.55 0.506975
0.575 0.577636
0.6 0.664305
0.625 0.758032
0.65 0.850887
0.675 0.936057
0.7 1.00789
0.725 1.06192
0.75 1.09485
0.775 1.10451
0.8 1.0898
0.825 1.05059
0.85 0.987692
0.875 0.902679
0.9 0.797836
0.925 0.676028
0.95 0.540589
0.975 0.395212
1 0.243841
1.025 0.0905636
1.05 -0.0604829
1.075 -0.205209
1.1 -0.339656
1.125 -0.46007
1.15 -0.562972
1.175 -0.645216
1.2 -0.704036
1.225 -0.737086
1.25 -0.74247
1.275 -0.718764
1.3 -0.665024
1.325 -0.580793
1.35 -0.466095
1.375 -0.321425
1.4 -0.147725
1.425 0.053632
1.45 0.280882
1.475 0.531898
1.5 0.804231
1.525 1.09515
1.55 1.4017
1.575 1.72071
1.6 2.0489
1.625 2.38287
1.65 2.71917
1.675 3.05438
1.7 3.3851
1.725 3.708
1.75 4.01991
1.775 4.3178
1.8 4.59884
1.825 4.86044
1.85 5.10024
1.875 5.31619
1.9 5.50651
1.925 5.66972
1.95 5.80468
1.975 5.91055
2 5.98685
2.025 6.03338
2.05 6.05026
2.075 6.03795
2.1 5.99715
2.125 5.92886
2.15 5.83432
2.175 5.71501
2.2 5.57259
2.225 5.40893
2.25 5.22602
2.275 5.02598
2.3 4.81103
2.325 4.58344
2.35 4.34551
2.375 4.09955
2.4 3.84785
2.425 3.59263
2.45 3.33606
2.475 3.08019
2.5 2.82696
2.525 2.57817
2.55 2.33546
2.575 2.10033
2.6 1.87407
2.625 1.65781
2.65 1.45249
2.675 1.25886
2.7 1.07748
2.725 0.90874
2.75 0.752849
2.775 0.609858
2.8 0.479665
2.825 0.362036
2.85 0.256615
2.875 0.162948
2.9 0.0804981
2.925 0.00866621
2.95 -0.0531862
2.975 -0.105718
3 -0.149587
3.025 -0.185429
3.05 -0.213843
3.075 -0.235366
3.1 -0.250462
3.125 -0.259507
3.15 -0.262775
3.175 -0.260431
3.2 -0.25252
3.225 -0.238966
3.25 -0.219572
3.275 -0.194019
3.3 -0.161872
3.325 -0.12259
3.35 -0.0755364
3.375 -0.0199951
3.4 0.0448141
3.425 0.119714
3.45 0.205549
3.475 0.303157
3.5 0.413349
3.525 0.536874
3.55 0.674399
3.575 0.826475
3.6 0.99351
3.625 1.17574
3.65 1.37321
3.675 1.58575
3.7 1.81293
3.725 2.05407
3.75 2.30822
3.775 2.57414
3.8 2.8503
3.825 3.13488
3.85 3.42576
3.875 3.72057
3.9 4.01665
3.925 4.31113
3.95 4.60091
3.975 4.88272
4 5.15316
4.025 5.40876
4.05 5.64598
4.075 5.86134
4.1 6.0514
4.125 6.2129
4.15 6.34276
4.175 6.4382
4.2 6.49675
4.225 6.51637
4.25 6.49548
4.275 6.43302
4.3 6.32849
4.325 6.18203
4.35 5.99442
4.375 5.76714
4.4 5.50232
4.425 5.20282
4.45 4.87216
4.475 4.51452
4.5 4.13467
4.525 3.73793
4.55 3.33009
4.575 2.9173
4.6 2.50598
4.625 2.10266
4.65 1.71388
4.675 1.34604
4.7 1.00517
4.725 0.696877
4.75 0.426068
4.775 0.196851
4.8 0.0123474
4.825 -0.125448
4.85 -0.2158
4.875 -0.259342
4.9 -0.258147
4.925 -0.215768
4.95 -0.137233
4.975 -0.0289874
