0 7.38906
0.025 6.03049
0.05 4.77559
0.075 3.62012
0.1 2.55993
0.125 1.59095
0.15 0.709228
0.175 -0.0891022
0.2 -0.807818
0.225 -1.4506
0.25 -2.02104
0.275 -2.52265
0.3 -2.95882
0.325 -3.3329
0.35 -3.64811
0.375 -3.90761
0.4 -4.11447
0.425 -4.27166
0.45 -4.38209
0.475 -4.44857
0.5 -4.47384
0.525 -4.46056
0.55 -4.4113
0.575 -4.32856
0.6 -4.21477
0.625 -4.07226
0.65 -3.90332
0.675 -3.71012
0.7 -3.4948
0.725 -3.25941
0.75 -3.00592
0.775 -2.73624
0.8 -2.45221
0.825 -2.15561
0.85 -1.84813
0.875 -1.5314
0.9 -1.20701
0.925 -0.876456
0.95 -0.541181
0.975 -0.202565
1 0.138071
1.025 0.479472
1.05 0.820437
1.075 1.15983
1.1 1.49656
1.125 1.82962
1.15 2.15802
1.175 2.48086
1.2 2.79727
1.225 3.10644
1.25 3.40762
1.275 3.70011
1.3 3.98324
1.325 4.25641
1.35 4.51907
1.375 4.77069
1.4 5.01082
1.425 5.23903
1.45 5.45494
1.475 5.65823
1.5 5.84859
1.525 6.02578
1.55 6.18959
1.575 6.33984
1.6 6.47641
1.625 6.59919
1.65 6.70812
1.675 6.80318
1.7 6.88438
1.725 6.95177
1.75 7.0054
1.775 7.0454
1.8 7.07189
1.825 7.08505
1.85 7.08506
1.875 7.07215
1.9 7.04656
1.925 7.00857
1.95 6.95848
1.975 6.8966
2 6.82328
2.025 6.73889
2.05 6.6438
2.075 6.53842
2.1 6.42319
2.125 6.29853
2.15 6.16491
2.175 6.0228
2.2 5.87268
2.225 5.71506
2.25 5.55046
2.275 5.37939
2.3 5.2024
2.325 5.02003
2.35 4.83284
2.375 4.64139
2.4 4.44625
2.425 4.248
2.45 4.04721
2.475 3.84447
2.5 3.64038
2.525 3.43551
2.55 3.23046
2.575 3.02582
2.6 2.82218
2.625 2.62012
2.65 2.42024
2.675 2.2231
2.7 2.02929
2.725 1.83938
2.75 1.65393
2.775 1.47349
2.8 1.29862
2.825 1.12984
2.85 0.967681
2.875 0.812661
2.9 0.66528
2.925 0.526024
2.95 0.395367
2.975 0.273765
3 0.16166
3.025 0.0594739
3.05 -0.0323886
3.075 -0.113543
3.1 -0.183624
3.125 -0.24229
3.15 -0.289221
3.175 -0.324119
3.2 -0.346713
3.225 -0.356755
3.25 -0.354026
3.275 -0.338332
3.3 -0.309508
3.325 -0.267419
3.35 -0.211961
3.375 -0.143059
3.4 -0.0606723
3.425 0.0352075
3.45 0.144554
3.475 0.267306
3.5 0.403367
3.525 0.552601
3.55 0.714835
3.575 0.889858
3.6 1.07742
3.625 1.27722
3.65 1.48893
3.675 1.71217
3.7 1.94652
3.725 2.19151
3.75 2.44663
3.775 2.71132
3.8 2.98496
3.825 3.2669
3.85 3.55645
3.875 3.85282
3.9 4.15523
3.925 4.4628
3.95 4.77462
3.975 5.08972
4 5.40707
4.025 5.72559
4.05 6.04414
4.075 6.36151
4.1 6.67645
4.125 6.98764
4.15 7.2937
4.175 7.59317
4.2 7.88457
4.225 8.1663
4.25 8.43673
4.275 8.69416
4.3 8.93682
4.325 9.16287
4.35 9.37039
4.375 9.55741
4.4 9.72188
4.425 9.86166
4.45 9.97457
4.475 10.0583
4.5 10.1106
4.525 10.1289
4.55 10.1109
4.575 10.0538
4.6 9.95505
4.625 9.81192
4.65 9.62158
4.675 9.38112
4.7 9.08756
4.725 8.73784
4.75 8.32879
4.775 7.85717
4.8 7.31967
4.825 6.71286
4.85 6.03324
4.875 5.27722
4.9 4.44111
4.925 3.52113
4.95 2.51342
4.975 1.41401
