0 7.39375
0.025 7.8296
0.05 7.94947
0.075 7.82752
0.1 7.52634
0.125 7.09827
0.15 6.58658
0.175 6.02656
0.2 5.44652
0.225 4.86868
0.25 4.31004
0.275 3.78309
0.3 3.29651
0.325 2.85579
0.35 2.46373
0.375 2.12102
0.4 1.82658
0.425 1.57801
0.45 1.3719
0.475 1.20412
0.5 1.07008
0.525 0.964973
0.55 0.883907
0.575 0.822099
0.6 0.774982
0.625 0.73831
0.65 0.708231
0.675 0.681342
0.7 0.654733
0.725 0.626002
0.75 0.593265
0.775 0.555153
0.8 0.510796
0.825 0.459797
0.85 0.402204
0.875 0.338468
0.9 0.269408
0.925 0.196159
0.95 0.120128
0.975 0.0429436
1 -0.0335932
1.025 -0.107559
1.05 -0.176956
1.075 -0.239757
1.1 -0.293954
1.125 -0.337594
1.15 -0.368823
1.175 -0.385918
1.2 -0.387319
1.225 -0.371656
1.25 -0.337775
1.275 -0.284753
1.3 -0.211916
1.325 -0.11885
1.35 -0.00540596
1.375 0.128296
1.4 0.281867
1.425 0.454659
1.45 0.645765
1.475 0.854039
1.5 1.0781
1.525 1.31638
1.55 1.56707
1.575 1.82825
1.6 2.09781
1.625 2.37355
1.65 2.65315
1.675 2.93423
1.7 3.21439
1.725 3.49118
1.75 3.7622
1.775 4.02508
1.8 4.27749
1.825 4.51725
1.85 4.74223
1.875 4.9505
1.9 5.14023
1.925 5.30982
1.95 5.45782
1.975 5.58301
2 5.68439
2.025 5.76116
2.05 5.81278
2.075 5.83894
2.1 5.83954
2.125 5.81476
2.15 5.76497
2.175 5.69079
2.2 5.59303
2.225 5.47273
2.25 5.3311
2.275 5.16954
2.3 4.98957
2.325 4.79289
2.35 4.5813
2.375 4.3567
2.4 4.12105
2.425 3.87638
2.45 3.62475
2.475 3.36822
2.5 3.10884
2.525 2.84861
2.55 2.5895
2.575 2.33338
2.6 2.08204
2.625 1.83715
2.65 1.60027
2.675 1.37279
2.7 1.15599
2.725 0.950956
2.75 0.758638
2.775 0.579806
2.8 0.415061
2.825 0.26484
2.85 0.129413
2.875 0.00889437
2.9 -0.0967501
2.925 -0.187695
2.95 -0.264239
2.975 -0.326795
3 -0.37587
3.025 -0.412051
3.05 -0.435984
3.075 -0.448358
3.1 -0.449885
3.125 -0.441279
3.15 -0.42324
3.175 -0.396433
3.2 -0.361471
3.225 -0.318904
3.25 -0.269198
3.275 -0.212727
3.3 -0.149765
3.325 -0.0804758
3.35 -0.00491002
3.375 0.0769943
3.4 0.16541
3.425 0.260616
3.45 0.362986
3.475 0.472977
3.5 0.591113
3.525 0.717965
3.55 0.854132
3.575 1.00021
3.6 1.15677
3.625 1.32433
3.65 1.50332
3.675 1.69405
3.7 1.89669
3.725 2.11121
3.75 2.3374
3.775 2.57478
3.8 2.82264
3.825 3.07997
3.85 3.34545
3.875 3.61746
3.9 3.89407
3.925 4.17302
3.95 4.45173
3.975 4.72736
4 4.99676
4.025 5.25657
4.05 5.50323
4.075 5.73302
4.1 5.94215
4.125 6.12679
4.15 6.28316
4.175 6.40764
4.2 6.49679
4.225 6.54749
4.25 6.55703
4.275 6.52315
4.3 6.4442
4.325 6.31919
4.35 6.14786
4.375 5.93076
4.4 5.66933
4.425 5.3659
4.45 5.02375
4.475 4.64711
4.5 4.24111
4.525 3.81177
4.55 3.36593
4.575 2.91111
4.6 2.45541
4.625 2.00734
4.65 1.57562
4.675 1.16896
4.7 0.795831
4.725 0.464144
4.75 0.181018
4.775 -0.0475472
4.8 -0.216965
4.825 -0.324351
4.85 -0.368795
4.875 -0.351599
4.9 -0.276462
4.925 -0.149611
4.95 0.0201627
4.975 0.221562
